46 0.68046875 0.7515625 0.08359375 0.096875
38 0.575 0.73515625 0.1390625 0.08359375
75 0.4640625 0.73828125 0.071875 0.09296875
5 0.2609375 0.73828125 0.1109375 0.1234375
72 0.171875 0.74140625 0.1 0.11640625
8 0.228125 0.5765625 0.06640625 0.08671875
41 0.3390625 0.59296875 0.078125 0.0796875
6 0.2609375 0.58359375 0.078125 0.1203125
53 0.5359375 0.596875 0.08359375 0.10703125
38 0.625 0.60703125 0.121875 0.10703125
54 0.628125 0.475 0.14453125 0.11640625
5 0.50546875 0.475 0.0890625 0.08359375
13 0.353125 0.296875 0.15 0.16015625
47 0.225 0.28515625 0.1109375 0.16640625
14 0.5109375 0.33359375 0.15546875 0.13984375
59 0.578125 0.2265625 0.15546875 0.053125
53 0.48046875 0.59140625 0.10546875 0.103125
53 0.49453125 0.6296875 0.05546875 0.0734375
5 0.43046875 0.46328125 0.09453125 0.1
8 0.1859375 0.5796875 0.0390625 0.1265625
8 0.153125 0.59296875 0.05546875 0.10703125
32 0.825 0.45703125 0.14453125 0.23984375
32 0.9359375 0.38515625 0.128125 0.35703125