38 0.84140625 0.23671875 0.178125 0.0734375
8 0.9109375 0.68515625 0.178125 0.04296875
8 0.8859375 0.64296875 0.228125 0.03984375
8 0.846875 0.60703125 0.19453125 0.03984375
54 0.528125 0.2515625 0.29453125 0.103125
5 0.53359375 0.38359375 0.3 0.153125
13 0.1640625 0.50703125 0.328125 0.13359375
14 0.178125 0.3734375 0.35546875 0.13359375
47 0.1609375 0.6453125 0.321875 0.11015625
59 0.05 0.34140625 0.1 0.14296875
53 0.86953125 0.36015625 0.25546875 0.10703125
53 0.871875 0.3 0.25546875 0.08671875