38 0.9390625 0.7046875 0.121875 0.10703125
8 0.19140625 0.746875 0.071875 0.10703125
8 0.2609375 0.73203125 0.06640625 0.13671875
8 0.321875 0.70859375 0.06640625 0.11640625
54 0.9140625 0.51640625 0.171875 0.1796875
5 0.69453125 0.5203125 0.25546875 0.1796875
13 0.4890625 0.2984375 0.221875 0.196875
14 0.7109375 0.30703125 0.221875 0.21328125
47 0.25859375 0.296875 0.18359375 0.19296875
59 0.7640625 0.2296875 0.2390625 0.06015625
53 0.73359375 0.721875 0.178125 0.153125
53 0.83359375 0.7234375 0.14453125 0.153125