46 0.46953125 0.28203125 0.244921875 0.060546875
75 0.40859375 0.3546875 0.183203125 0.12109375
13 0.55 0.48359375 0.144140625 0.0734375
59 0.4109375 0.53984375 0.244140625 0.186328125
75 0.125 0.628125 0.23828125 0.13046875
47 0.1890625 0.48984375 0.18984375 0.066796875
38 0.1640625 0.33203125 0.205859375 0.1234375
38 0.053125 0.43359375 0.105859375 0.092578125
54 0.053125 0.321875 0.105859375 0.116015625
18 0.021875 0.565625 0.04375 0.134375
72 0.46640625 0.628125 0.233203125 0.062890625
59 0.421875 0.53671875 0.266015625 0.2203125