71 0.03359375 0.6234375 0.066796875 0.053125
71 0.071875 0.60234375 0.14375 0.0734375
71 0.21953125 0.5203125 0.166796875 0.059765625
71 0.2359375 0.6203125 0.178125 0.059765625
71 0.346875 0.5953125 0.128125 0.062890625
71 0.23046875 0.56640625 0.144921875 0.039453125
59 0.071875 0.5359375 0.14375 0.1
16 0.0890625 0.4296875 0.178125 0.040234375
16 0.21640625 0.46640625 0.2890625 0.0265625
16 0.25859375 0.4484375 0.244921875 0.046875
16 0.296875 0.38359375 0.116015625 0.0203125
41 0.05546875 0.2796875 0.1109375 0.07890625
41 0.1609375 0.31015625 0.155859375 0.053125
59 0.85234375 0.36484375 0.2953125 0.1296875