46 0.4 0.76328125 0.355859375 0.0734375
14 0.43046875 0.58359375 0.528125 0.153125
75 0.28046875 0.53203125 0.216796875 0.0703125
75 0.50859375 0.471875 0.2609375 0.083984375
8 0.70859375 0.2953125 0.183203125 0.190234375
8 0.553125 0.30703125 0.16171875 0.213671875
8 0.4859375 0.31171875 0.171875 0.2234375
8 0.646875 0.39296875 0.166015625 0.086328125
6 0.90546875 0.54296875 0.1890625 0.307421875
38 0.7859375 0.71484375 0.2 0.1703125
38 0.93046875 0.728125 0.1390625 0.143359375
18 0.90234375 0.31171875 0.1953125 0.2234375