46 0.1359375 0.51796875 0.1 0.146875
75 0.25859375 0.5546875 0.2 0.109765625
13 0.471875 0.4703125 0.121875 0.087109375
59 0.56640625 0.553125 0.3109375 0.146875
75 0.7140625 0.725 0.216015625 0.143359375
47 0.48359375 0.68671875 0.1109375 0.113671875
38 0.21953125 0.7015625 0.205078125 0.12265625
38 0.3890625 0.76796875 0.155859375 0.063671875
54 0.203125 0.76796875 0.194140625 0.063671875
18 0.6109375 0.78671875 0.221875 0.0265625
72 0.7140625 0.5203125 0.105859375 0.140234375
59 0.5609375 0.546875 0.366015625 0.159765625