38 0.09453125 0.04140625 0.1890625 0.0796875
5 0.596875 0.0484375 0.1609375 0.09296875
72 0.7609375 0.0265625 0.15 0.053125
38 0.0609375 0.2953125 0.121875 0.103125
8 0.80859375 0.23984375 0.078125 0.13671875
8 0.7390625 0.26484375 0.0609375 0.13984375
8 0.678125 0.29140625 0.06640625 0.11640625
54 0.0859375 0.48359375 0.171875 0.1765625
5 0.30546875 0.4796875 0.2609375 0.1796875
13 0.5109375 0.73515625 0.221875 0.26328125
14 0.2890625 0.7046875 0.21640625 0.23671875
47 0.74140625 0.7453125 0.18359375 0.2765625
59 0.2359375 0.93828125 0.2390625 0.1234375
53 0.26640625 0.278125 0.178125 0.153125
53 0.16953125 0.26484375 0.1390625 0.1703125