46 0.08046875 0.60859375 0.1609375 0.05
38 0.10859375 0.5453125 0.1390625 0.083984375
75 0.103125 0.478125 0.155859375 0.043359375
5 0.103125 0.35703125 0.205859375 0.066796875
72 0.096875 0.30234375 0.19375 0.0609375
8 0.371875 0.33671875 0.144140625 0.039453125
41 0.34453125 0.403125 0.133203125 0.046875
6 0.3609375 0.35703125 0.2 0.046875
53 0.3390625 0.521875 0.178125 0.05
38 0.321875 0.575 0.171875 0.07421875
54 0.54140625 0.5765625 0.194921875 0.087109375
5 0.54140625 0.503125 0.1390625 0.053125
13 0.8390625 0.41171875 0.266015625 0.089453125
47 0.85859375 0.33515625 0.278125 0.066796875
14 0.778125 0.50703125 0.233984375 0.092578125
59 0.95546875 0.546875 0.0890625 0.093359375
53 0.346875 0.48828125 0.171875 0.063671875
53 0.28359375 0.496875 0.121875 0.033984375
5 0.5609375 0.45859375 0.166015625 0.057421875
8 0.36640625 0.31171875 0.2109375 0.0234375
8 0.34453125 0.29140625 0.178125 0.033203125
32 0.571875 0.6953125 0.4 0.087109375
32 0.69140625 0.76171875 0.594921875 0.0765625