46 0.225 0.21640625 0.094140625 0.15
73 0.371875 0.26640625 0.194140625 0.042578125
75 0.46953125 0.18203125 0.078125 0.060546875
75 0.4890625 0.2546875 0.071875 0.103125
38 0.303125 0.3953125 0.171875 0.1
47 0.53046875 0.3796875 0.0890625 0.109765625
18 0.61953125 0.51328125 0.155078125 0.063671875
38 0.43359375 0.5234375 0.121875 0.096875
54 0.29140625 0.50859375 0.178125 0.107421875
47 0.7140625 0.70703125 0.11015625 0.163671875
13 0.571875 0.68203125 0.155859375 0.157421875
14 0.41640625 0.6546875 0.144921875 0.15
59 0.375 0.83515625 0.133984375 0.142578125
75 0.55 0.18359375 0.06171875 0.066796875
75 0.55859375 0.25703125 0.071875 0.089453125