46 0.096875 0.5015625 0.11171875 0.156640625
38 0.21640625 0.54140625 0.1609375 0.092578125
75 0.3609375 0.5203125 0.105859375 0.103125
75 0.453125 0.45 0.166015625 0.096875
5 0.63359375 0.53203125 0.128125 0.1265625
5 0.7359375 0.53515625 0.105859375 0.1234375
72 0.68359375 0.45703125 0.1 0.0765625
38 0.16640625 0.70859375 0.216796875 0.136328125
8 0.65546875 0.68359375 0.055078125 0.1234375
41 0.521875 0.66796875 0.094140625 0.086328125
54 0.16640625 0.86484375 0.205078125 0.1296875
18 0.61640625 0.83828125 0.266796875 0.05
53 0.525 0.51328125 0.094140625 0.160546875
53 0.43359375 0.51015625 0.0890625 0.166796875
53 0.46953125 0.496875 0.055078125 0.096875
8 0.7 0.68671875 0.055859375 0.139453125
8 0.7390625 0.6765625 0.071875 0.106640625
6 0.60546875 0.69140625 0.105078125 0.15