46 0.11953125 0.3796875 0.121875 0.18359375
8 0.24140625 0.36171875 0.1890625 0.1
8 0.3640625 0.3265625 0.15 0.05703125
8 0.2890625 0.39140625 0.221875 0.08671875
8 0.43046875 0.38359375 0.0890625 0.05
8 0.321875 0.43671875 0.21640625 0.0765625
8 0.43046875 0.43828125 0.0890625 0.05703125
75 0.446875 0.3015625 0.10546875 0.10703125
75 0.525 0.41015625 0.071875 0.11640625
47 0.51953125 0.59140625 0.13359375 0.13984375
32 0.79140625 0.6203125 0.30546875 0.2265625
38 0.178125 0.63828125 0.19453125 0.1
38 0.1609375 0.55 0.2109375 0.0796875
18 0.40859375 0.796875 0.228125 0.11015625
74 0.6859375 0.7953125 0.371875 0.103125
54 0.171875 0.86171875 0.29453125 0.26640625