46 0.6 0.23671875 0.355859375 0.0734375
14 0.56953125 0.41640625 0.528125 0.153125
75 0.71953125 0.46796875 0.221875 0.0734375
75 0.49140625 0.528125 0.2609375 0.083984375
8 0.29140625 0.7046875 0.183203125 0.190234375
8 0.446875 0.69296875 0.16171875 0.213671875
8 0.5140625 0.68828125 0.178125 0.2234375
8 0.353125 0.60703125 0.166015625 0.086328125
6 0.128125 0.45703125 0.255859375 0.307421875
38 0.2140625 0.28515625 0.2 0.1703125
38 0.06640625 0.27109375 0.1328125 0.1421875
18 0.128125 0.68828125 0.255859375 0.2234375