46 0.31953125 0.225 0.08359375 0.14296875
38 0.425 0.26484375 0.1390625 0.08359375
75 0.5359375 0.26171875 0.071875 0.09296875
5 0.7359375 0.26015625 0.1109375 0.1265625
72 0.828125 0.2484375 0.10546875 0.13984375
8 0.771875 0.4234375 0.06640625 0.08984375
41 0.6609375 0.40703125 0.078125 0.08359375
6 0.7390625 0.41640625 0.078125 0.1203125
53 0.4640625 0.403125 0.08359375 0.11015625
38 0.375 0.39296875 0.121875 0.103125
54 0.371875 0.525 0.15 0.11640625
5 0.49453125 0.525 0.09453125 0.08671875
13 0.646875 0.703125 0.15 0.15703125
47 0.775 0.71484375 0.1109375 0.16640625
14 0.4890625 0.66640625 0.15546875 0.13984375
59 0.421875 0.825 0.15546875 0.153125
33 0.59453125 0.86484375 0.15546875 0.1703125
53 0.51953125 0.40859375 0.10546875 0.103125
53 0.50546875 0.3703125 0.0609375 0.0734375
5 0.56953125 0.53671875 0.0890625 0.1
8 0.8140625 0.4203125 0.0390625 0.1265625
8 0.846875 0.40703125 0.05546875 0.103125
32 0.175 0.54296875 0.14453125 0.23984375
32 0.0640625 0.61484375 0.128125 0.35703125