38 0.84140625 0.23671875 0.178125 0.0734375
8 0.9109375 0.68515625 0.178125 0.042578125
8 0.8859375 0.64296875 0.228125 0.039453125
8 0.846875 0.60703125 0.194140625 0.039453125
54 0.528125 0.2515625 0.294140625 0.103125
5 0.53359375 0.38359375 0.3 0.153125
13 0.1640625 0.50703125 0.328125 0.133203125
14 0.178125 0.3734375 0.355859375 0.133984375
47 0.1609375 0.6453125 0.321875 0.109765625
59 0.05 0.34140625 0.1 0.142578125
53 0.86953125 0.36015625 0.255078125 0.107421875
53 0.871875 0.3 0.255859375 0.087109375