46 0.078125 0.66484375 0.15546875 0.05703125
73 0.1109375 0.5765625 0.06640625 0.1203125
75 0.025 0.51796875 0.05 0.04296875
75 0.09140625 0.50703125 0.178125 0.03984375
38 0.325 0.61796875 0.1609375 0.103125
47 0.3 0.48203125 0.178125 0.05703125
18 0.521875 0.428125 0.1 0.09296875
38 0.5390625 0.53984375 0.15546875 0.0734375
54 0.5140625 0.625 0.178125 0.10703125
47 0.84453125 0.371875 0.26640625 0.06640625
13 0.803125 0.45703125 0.2609375 0.09296875
14 0.75859375 0.55 0.25 0.08671875
59 0.96953125 0.5734375 0.0609375 0.0796875
75 0.028125 0.4703125 0.05546875 0.03359375
75 0.09453125 0.46484375 0.14453125 0.03984375