33 0.603125 0.31171875 0.48828125 0.210546875
75 0.31953125 0.33359375 0.121875 0.110546875
38 0.18359375 0.346875 0.194921875 0.093359375
46 0.0640625 0.30703125 0.11015625 0.1765625
8 0.7640625 0.48359375 0.083984375 0.116796875
8 0.725 0.5 0.055859375 0.140234375
8 0.66953125 0.503125 0.055078125 0.12578125
41 0.51953125 0.496875 0.066796875 0.087109375
53 0.3390625 0.51796875 0.13984375 0.1234375
53 0.3390625 0.4515625 0.06015625 0.083984375
53 0.26640625 0.51640625 0.105078125 0.136328125
38 0.175 0.525 0.233984375 0.12421875
54 0.15 0.68515625 0.228125 0.139453125
5 0.29453125 0.69140625 0.133203125 0.146875
5 0.421875 0.68671875 0.128125 0.136328125
5 0.325 0.63671875 0.116015625 0.039453125
18 0.646875 0.6484375 0.328125 0.059765625
13 0.54140625 0.89296875 0.194921875 0.213671875
14 0.353125 0.8765625 0.183984375 0.17890625
47 0.725 0.88828125 0.13828125 0.2203125