46 0.078125 0.66484375 0.155859375 0.057421875
73 0.1109375 0.5765625 0.066015625 0.12109375
75 0.025 0.51796875 0.05 0.042578125
75 0.09140625 0.50703125 0.178125 0.039453125
38 0.325 0.61796875 0.16171875 0.103125
47 0.3 0.48203125 0.178125 0.057421875
18 0.521875 0.428125 0.1 0.093359375
38 0.5390625 0.53984375 0.155859375 0.0734375
54 0.5140625 0.625 0.178125 0.106640625
47 0.84453125 0.371875 0.266796875 0.066015625
13 0.803125 0.45703125 0.26171875 0.092578125
14 0.75859375 0.55 0.25 0.087109375
59 0.96953125 0.5734375 0.0609375 0.07890625
75 0.028125 0.4703125 0.055859375 0.033984375
75 0.09453125 0.46484375 0.144921875 0.039453125