38 0.9390625 0.7046875 0.121875 0.106640625
8 0.19140625 0.746875 0.071875 0.106640625
8 0.2609375 0.73203125 0.066015625 0.136328125
8 0.321875 0.70859375 0.066015625 0.116796875
54 0.9140625 0.51640625 0.171875 0.1796875
5 0.69453125 0.5203125 0.255078125 0.17890625
13 0.4890625 0.2984375 0.221875 0.196875
14 0.7109375 0.30703125 0.221875 0.213671875
47 0.25859375 0.296875 0.183203125 0.193359375
59 0.7640625 0.2296875 0.23984375 0.059765625
53 0.73359375 0.721875 0.178125 0.153125
53 0.83359375 0.7234375 0.144921875 0.153125