46 0.46953125 0.28203125 0.24453125 0.06015625
75 0.40859375 0.3546875 0.18359375 0.1203125
13 0.55 0.48359375 0.14453125 0.0734375
59 0.4109375 0.53984375 0.24453125 0.18671875
75 0.125 0.628125 0.2390625 0.1296875
47 0.1890625 0.48984375 0.1890625 0.06640625
38 0.1640625 0.33203125 0.20546875 0.1234375
38 0.053125 0.43359375 0.10546875 0.09296875
54 0.053125 0.321875 0.10546875 0.11640625
18 0.021875 0.565625 0.04375 0.134375
72 0.46640625 0.628125 0.23359375 0.06328125
59 0.421875 0.53671875 0.26640625 0.2203125