46 0.11953125 0.3796875 0.121875 0.183984375
8 0.24140625 0.36171875 0.1890625 0.1
8 0.3640625 0.3265625 0.15 0.056640625
8 0.2890625 0.39140625 0.221875 0.086328125
8 0.43046875 0.38359375 0.0890625 0.05
8 0.321875 0.43671875 0.216015625 0.0765625
8 0.43046875 0.43828125 0.0890625 0.057421875
75 0.446875 0.3015625 0.105859375 0.106640625
75 0.525 0.41015625 0.071875 0.116796875
47 0.51953125 0.59140625 0.133203125 0.139453125
32 0.79140625 0.6203125 0.305078125 0.22734375
38 0.178125 0.63828125 0.194140625 0.1
38 0.1609375 0.55 0.21015625 0.08046875
18 0.40859375 0.796875 0.228125 0.109765625
74 0.6859375 0.7953125 0.371875 0.103125
54 0.171875 0.86171875 0.294140625 0.266796875