38 0.03359375 0.74296875 0.066796875 0.113671875
5 0.0390625 0.44140625 0.078125 0.096875
72 0.021875 0.3421875 0.04375 0.0875
38 0.15859375 0.76328125 0.171875 0.0734375
8 0.0890625 0.31328125 0.178125 0.046875
8 0.1109375 0.35703125 0.221875 0.033203125
8 0.153125 0.39296875 0.194140625 0.039453125
54 0.471875 0.7484375 0.294140625 0.103125
5 0.46640625 0.61640625 0.3 0.153125
13 0.8359375 0.49296875 0.328125 0.133203125
14 0.821875 0.6265625 0.355859375 0.133984375
47 0.8390625 0.3546875 0.321875 0.109765625
53 0.13046875 0.63984375 0.255078125 0.107421875
53 0.125 0.6984375 0.25 0.083984375