46 0.31953125 0.2484375 0.08359375 0.096875
38 0.425 0.26484375 0.1390625 0.08359375
75 0.5359375 0.26171875 0.071875 0.09296875
5 0.73359375 0.26171875 0.1109375 0.1234375
72 0.828125 0.26015625 0.1 0.1203125
8 0.771875 0.4234375 0.06640625 0.08671875
41 0.6609375 0.40703125 0.078125 0.0796875
6 0.7390625 0.41640625 0.078125 0.1203125
53 0.4640625 0.403125 0.08359375 0.10703125
38 0.375 0.39296875 0.121875 0.10703125
54 0.371875 0.525 0.14453125 0.11640625
5 0.49453125 0.525 0.0890625 0.08359375
13 0.646875 0.703125 0.15 0.16015625
47 0.775 0.71484375 0.10546875 0.16328125
14 0.4890625 0.66640625 0.15546875 0.13984375
59 0.421875 0.76171875 0.15546875 0.0765625
33 0.59453125 0.75859375 0.15546875 0.08359375
53 0.51953125 0.40859375 0.10546875 0.103125
53 0.50546875 0.3703125 0.05546875 0.0734375
5 0.56953125 0.53671875 0.09453125 0.1
8 0.8140625 0.4203125 0.03359375 0.1265625
8 0.846875 0.40703125 0.05546875 0.10703125
32 0.175 0.54296875 0.14453125 0.23984375
32 0.0640625 0.61484375 0.128125 0.35703125