46 0.91953125 0.39140625 0.1609375 0.05
38 0.89140625 0.4546875 0.1390625 0.083984375
75 0.896875 0.521875 0.155859375 0.043359375
5 0.896875 0.63984375 0.205859375 0.066796875
72 0.9 0.696875 0.2 0.059765625
8 0.628125 0.66328125 0.144140625 0.039453125
41 0.65546875 0.596875 0.133203125 0.046875
6 0.6390625 0.64296875 0.2 0.046875
53 0.6609375 0.478125 0.178125 0.05
38 0.678125 0.425 0.171875 0.07421875
54 0.45859375 0.4234375 0.194921875 0.087109375
5 0.45859375 0.496875 0.1390625 0.053125
13 0.1609375 0.58828125 0.266015625 0.089453125
47 0.14140625 0.66484375 0.271875 0.063671875
14 0.221875 0.49296875 0.233984375 0.092578125
59 0.0640625 0.453125 0.128125 0.093359375
33 0.06953125 0.55703125 0.1390625 0.092578125
53 0.653125 0.51171875 0.171875 0.063671875
53 0.71640625 0.503125 0.121875 0.033984375
5 0.4390625 0.54140625 0.166015625 0.057421875
8 0.63359375 0.68828125 0.2109375 0.0203125
8 0.65546875 0.70859375 0.178125 0.033203125
32 0.428125 0.3046875 0.4 0.087109375
32 0.30859375 0.23828125 0.594921875 0.0765625