33 0.4640625 0.51015625 0.36015625 0.153125
75 0.24453125 0.525 0.105078125 0.1
38 0.13359375 0.5453125 0.1609375 0.07890625
46 0.0390625 0.51484375 0.078125 0.15
38 0.1140625 0.6765625 0.2 0.106640625
53 0.203125 0.675 0.1 0.103125
53 0.2609375 0.6703125 0.121875 0.096875
53 0.2609375 0.6203125 0.066015625 0.053125
8 0.6 0.6234375 0.05 0.07890625
8 0.56640625 0.63671875 0.044921875 0.103125
8 0.525 0.63671875 0.044140625 0.1
41 0.40859375 0.63359375 0.066796875 0.0734375
5 0.3390625 0.8 0.105859375 0.109765625
5 0.2359375 0.8203125 0.116015625 0.106640625
54 0.16953125 0.81796875 0.094921875 0.116796875
18 0.528125 0.75859375 0.178125 0.042578125
13 0.4359375 0.93515625 0.171875 0.1296875
47 0.5890625 0.928125 0.105859375 0.143359375
14 0.28359375 0.93828125 0.155078125 0.1234375