38 0.03359375 0.74296875 0.06640625 0.11328125
5 0.0390625 0.44140625 0.078125 0.096875
72 0.021875 0.3421875 0.04375 0.0875
38 0.15859375 0.76328125 0.171875 0.0734375
8 0.0890625 0.31328125 0.178125 0.046875
8 0.1109375 0.35703125 0.221875 0.03359375
8 0.153125 0.39296875 0.19453125 0.03984375
54 0.471875 0.7484375 0.29453125 0.103125
5 0.46640625 0.61640625 0.3 0.153125
13 0.8359375 0.49296875 0.328125 0.13359375
14 0.821875 0.6265625 0.35546875 0.13359375
47 0.8390625 0.3546875 0.321875 0.11015625
53 0.13046875 0.63984375 0.25546875 0.10703125
53 0.125 0.6984375 0.25 0.08359375