33 0.8140625 0.56171875 0.35 0.292578125
75 0.778125 0.39140625 0.178125 0.0734375
38 0.75546875 0.31015625 0.155078125 0.116796875
46 0.821875 0.23828125 0.28828125 0.066796875
8 0.528125 0.65859375 0.18828125 0.05
8 0.5 0.63515625 0.233984375 0.033203125
8 0.49453125 0.6015625 0.2109375 0.033984375
41 0.50546875 0.51171875 0.144921875 0.039453125
53 0.46953125 0.403125 0.205078125 0.087109375
53 0.58046875 0.403125 0.1390625 0.033984375
53 0.471875 0.36015625 0.233984375 0.066796875
38 0.45859375 0.3046875 0.205078125 0.140234375
54 0.19140625 0.28984375 0.233203125 0.139453125
5 0.18046875 0.3765625 0.244921875 0.07890625
5 0.1890625 0.453125 0.221875 0.08046875
5 0.271875 0.3953125 0.066015625 0.07109375
18 0.253125 0.58828125 0.1 0.196875
13 0.0890625 0.525 0.178125 0.116015625
14 0.075 0.41171875 0.15 0.110546875
47 0.09140625 0.634375 0.1828125 0.084375