33 0.8140625 0.56171875 0.35 0.29296875
75 0.778125 0.39140625 0.178125 0.0703125
38 0.75546875 0.31015625 0.15546875 0.11328125
46 0.821875 0.23828125 0.2890625 0.06640625
8 0.528125 0.65859375 0.2 0.05
8 0.5 0.63515625 0.23359375 0.03359375
8 0.49453125 0.6015625 0.2109375 0.0296875
41 0.50546875 0.51171875 0.14453125 0.03984375
53 0.46953125 0.403125 0.20546875 0.08671875
53 0.58046875 0.403125 0.1390625 0.03359375
53 0.471875 0.36015625 0.23359375 0.06640625
38 0.45859375 0.3046875 0.20546875 0.13671875
54 0.19140625 0.28984375 0.228125 0.13984375
5 0.18046875 0.3765625 0.24453125 0.0796875
5 0.1890625 0.453125 0.221875 0.0734375
5 0.271875 0.3953125 0.06640625 0.0703125
18 0.253125 0.58828125 0.09453125 0.196875
13 0.0890625 0.525 0.178125 0.11640625
14 0.075 0.41171875 0.15 0.11015625
47 0.0890625 0.63515625 0.178125 0.08359375