71 0.70546875 0.85703125 0.0890625 0.0796875
71 0.671875 0.76640625 0.11640625 0.11015625
71 0.53359375 0.66796875 0.10546875 0.1
71 0.7 0.65859375 0.1 0.11015625
71 0.65859375 0.59140625 0.10546875 0.0765625
71 0.6109375 0.66171875 0.06640625 0.08671875
59 0.5609375 0.8 0.1609375 0.1734375
16 0.38359375 0.78203125 0.06640625 0.1796875
16 0.44453125 0.6703125 0.05 0.1734375
16 0.4140625 0.6453125 0.078125 0.15
16 0.30546875 0.621875 0.03359375 0.0703125
41 0.1359375 0.796875 0.13359375 0.1265625
41 0.18359375 0.703125 0.0890625 0.09296875
59 0.275 0.271875 0.21640625 0.21328125
53 0.696875 0.06171875 0.171875 0.1234375
13 0.18828125 0.04140625 0.1546875 0.0828125