38 0.09453125 0.04140625 0.1890625 0.0796875
5 0.596875 0.0484375 0.16171875 0.093359375
72 0.7609375 0.0265625 0.15 0.053125
38 0.0609375 0.2953125 0.121875 0.103125
8 0.80859375 0.23984375 0.078125 0.136328125
8 0.7390625 0.26484375 0.06015625 0.139453125
8 0.678125 0.29140625 0.066015625 0.116796875
54 0.0859375 0.48359375 0.171875 0.1765625
5 0.30546875 0.4796875 0.2609375 0.17890625
13 0.5109375 0.73515625 0.221875 0.263671875
14 0.2890625 0.7046875 0.216015625 0.237109375
47 0.74140625 0.7453125 0.183203125 0.27734375
59 0.2359375 0.93828125 0.23984375 0.1234375
53 0.26640625 0.278125 0.178125 0.153125
53 0.16953125 0.26484375 0.1390625 0.1703125