46 0.921875 0.33515625 0.155859375 0.057421875
73 0.8890625 0.4234375 0.066015625 0.12109375
75 0.9890625 0.4796875 0.021875 0.046875
75 0.90859375 0.49296875 0.171875 0.039453125
38 0.675 0.38203125 0.16171875 0.103125
47 0.7 0.51796875 0.178125 0.057421875
18 0.478125 0.571875 0.1 0.093359375
38 0.4609375 0.46015625 0.155859375 0.0734375
54 0.4859375 0.375 0.178125 0.106640625
47 0.15546875 0.628125 0.266796875 0.062890625
13 0.196875 0.54296875 0.26171875 0.092578125
14 0.24140625 0.45 0.25 0.087109375
59 0.05859375 0.4234375 0.116796875 0.07890625
75 0.9859375 0.5296875 0.028125 0.033984375
75 0.90546875 0.53515625 0.144921875 0.042578125