8 0.84140625 0.08828125 0.316796875 0.1765625
8 0.74609375 0.0546875 0.2609375 0.109375
8 0.65546875 0.13203125 0.128125 0.0703125
8 0.625 0.0515625 0.066015625 0.1
75 0.4640625 0.08671875 0.16015625 0.160546875
75 0.31640625 0.09140625 0.15 0.15
38 0.078125 0.2796875 0.155859375 0.153125
38 0.053125 0.4265625 0.105859375 0.146875
6 0.38046875 0.428125 0.616796875 0.22421875
47 0.44453125 0.31171875 0.178125 0.1265625
32 0.76953125 0.35703125 0.4609375 0.333203125
18 0.2890625 0.64140625 0.35 0.1734375
71 0.5859375 0.33828125 0.1 0.083203125
13 0.125 0.88359375 0.25 0.1734375
53 0.75859375 0.9546875 0.133203125 0.090234375
53 0.825 0.928125 0.116015625 0.143359375