46 0.1359375 0.51796875 0.10546875 0.15
75 0.25859375 0.5546875 0.2 0.11015625
13 0.471875 0.4703125 0.121875 0.08671875
59 0.56640625 0.553125 0.3109375 0.146875
75 0.7140625 0.725 0.21640625 0.14296875
47 0.48359375 0.68671875 0.1109375 0.11328125
38 0.21953125 0.7015625 0.20546875 0.1234375
38 0.3890625 0.86484375 0.15546875 0.1265625
54 0.203125 0.85703125 0.1890625 0.1265625
18 0.6140625 0.8296875 0.221875 0.053125
72 0.7140625 0.5203125 0.10546875 0.13984375
59 0.5609375 0.546875 0.36640625 0.16015625