46 0.0609375 0.43984375 0.121875 0.210546875
14 0.3609375 0.45859375 0.26015625 0.316796875
75 0.446875 0.36796875 0.121875 0.133203125
75 0.546875 0.5046875 0.13828125 0.156640625
8 0.84140625 0.625 0.316796875 0.109765625
8 0.821875 0.53203125 0.355859375 0.096875
8 0.8140625 0.49140625 0.371875 0.107421875
8 0.678125 0.58828125 0.144140625 0.1
6 0.428125 0.83984375 0.51171875 0.303125
38 0.14140625 0.67109375 0.2828125 0.1203125
38 0.11953125 0.778125 0.2390625 0.11953125
18 0.8140625 0.83828125 0.371875 0.307421875