71 0.925 0.3953125 0.15 0.0703125
71 0.78046875 0.4796875 0.16640625 0.06015625
71 0.7640625 0.3796875 0.178125 0.06015625
71 0.653125 0.4046875 0.128125 0.06328125
71 0.76953125 0.43359375 0.14453125 0.03984375
59 0.92734375 0.4609375 0.1453125 0.096875
16 0.9078125 0.56953125 0.184375 0.0390625
16 0.78359375 0.53359375 0.2890625 0.0265625
16 0.74140625 0.5515625 0.24453125 0.046875
16 0.703125 0.61640625 0.11640625 0.0203125
41 0.94453125 0.71640625 0.1109375 0.0796875
41 0.8390625 0.68984375 0.15546875 0.053125
59 0.146875 0.63515625 0.29375 0.1296875
53 0.05 0.3796875 0.1 0.1
13 0.03359375 0.68671875 0.06640625 0.09296875