46 0.46953125 0.28203125 0.25 0.06328125
75 0.40859375 0.3546875 0.18359375 0.1203125
13 0.55 0.48359375 0.14453125 0.0765625
59 0.4109375 0.53984375 0.24453125 0.18671875
75 0.125 0.628125 0.23359375 0.1296875
47 0.1890625 0.48984375 0.1890625 0.06640625
38 0.1640625 0.33203125 0.2109375 0.1265625
38 0.053125 0.43359375 0.10546875 0.09296875
54 0.053125 0.321875 0.10546875 0.11640625
18 0.025 0.56640625 0.05 0.13359375
72 0.46640625 0.628125 0.24453125 0.06640625
59 0.421875 0.53671875 0.26640625 0.2203125