33 0.603125 0.31171875 0.4890625 0.21015625
75 0.31953125 0.33359375 0.121875 0.11015625
38 0.18359375 0.346875 0.19453125 0.09296875
46 0.0640625 0.30703125 0.1109375 0.1765625
8 0.7640625 0.48359375 0.08359375 0.11640625
8 0.725 0.5 0.05546875 0.13984375
8 0.66953125 0.503125 0.05546875 0.1265625
41 0.51953125 0.496875 0.06640625 0.08671875
53 0.3390625 0.51796875 0.1390625 0.1234375
53 0.3390625 0.4515625 0.0609375 0.08359375
53 0.26640625 0.51640625 0.10546875 0.13671875
38 0.175 0.525 0.23359375 0.1234375
54 0.15 0.68515625 0.228125 0.13984375
5 0.29453125 0.69140625 0.13359375 0.146875
5 0.421875 0.68671875 0.128125 0.13671875
5 0.325 0.63671875 0.11640625 0.03984375
18 0.646875 0.6484375 0.328125 0.06015625
13 0.54140625 0.89296875 0.19453125 0.21328125
14 0.353125 0.8765625 0.18359375 0.1796875
47 0.725 0.88828125 0.1390625 0.2203125