46 0.31953125 0.225 0.083203125 0.143359375
38 0.425 0.26484375 0.13828125 0.083203125
75 0.5359375 0.26171875 0.071875 0.092578125
5 0.7359375 0.26015625 0.11015625 0.1265625
72 0.828125 0.2484375 0.105859375 0.140234375
8 0.771875 0.4234375 0.066015625 0.090234375
41 0.6609375 0.40703125 0.078125 0.083203125
6 0.7390625 0.41640625 0.078125 0.1203125
53 0.4640625 0.403125 0.083984375 0.109765625
38 0.375 0.39296875 0.121875 0.103125
54 0.371875 0.525 0.15 0.116015625
5 0.49453125 0.525 0.094921875 0.087109375
13 0.646875 0.703125 0.15 0.156640625
47 0.775 0.71484375 0.11171875 0.166796875
14 0.4890625 0.66640625 0.155859375 0.139453125
59 0.421875 0.825 0.155859375 0.153125
33 0.59453125 0.86484375 0.155078125 0.1703125
53 0.51953125 0.40859375 0.105078125 0.103125
53 0.50546875 0.3703125 0.0609375 0.07265625
5 0.56953125 0.53671875 0.0890625 0.1
8 0.8140625 0.4203125 0.03984375 0.12734375
8 0.846875 0.40703125 0.055859375 0.103125
32 0.175 0.54296875 0.144140625 0.239453125
32 0.0640625 0.61484375 0.128125 0.357421875