7 0.39453125 0.4203125 0.094921875 0.037109375
7 0.48046875 0.41796875 0.083203125 0.036328125
71 0.228125 0.41796875 0.083984375 0.0265625
71 0.321875 0.4203125 0.083984375 0.02890625
32 0.45546875 0.3703125 0.155078125 0.066015625
32 0.321875 0.38203125 0.128125 0.046875
18 0.428125 0.29140625 0.133984375 0.0265625
15 0.2390625 0.25703125 0.166015625 0.05
25 0.746875 0.4734375 0.155859375 0.062890625
52 0.503125 0.54296875 0.216015625 0.136328125
75 0.6640625 0.5515625 0.03984375 0.046875
72 0.85546875 0.43359375 0.0609375 0.1703125
40 0.20859375 0.68984375 0.133203125 0.083203125
16 0.59140625 0.66328125 0.044921875 0.063671875
16 0.63359375 0.68515625 0.0609375 0.089453125
75 0.5859375 0.3703125 0.071875 0.043359375
46 0.94140625 0.3796875 0.116796875 0.303125
71 0.45859375 0.9296875 0.094921875 0.059765625
71 0.546875 0.95 0.083984375 0.062890625
71 0.603125 0.91484375 0.083984375 0.057421875
59 0.2359375 0.8234375 0.36015625 0.17265625