7 0.91953125 0.171875 0.1609375 0.0765625
72 0.0859375 0.33359375 0.1609375 0.16015625
18 0.425 0.3796875 0.221875 0.06640625
7 0.89140625 0.1234375 0.14453125 0.0734375
45 0.9359375 0.3453125 0.128125 0.1296875
15 0.846875 0.2734375 0.28359375 0.0796875
18 0.9 0.53515625 0.2 0.08984375
16 0.26953125 0.4984375 0.371875 0.03671875
52 0.50859375 0.88515625 0.78359375 0.1234375
71 0.16640625 0.628125 0.1 0.04296875
75 0.85859375 0.70703125 0.10546875 0.0734375
75 0.278125 0.16328125 0.13359375 0.08671875
75 0.421875 0.16640625 0.1109375 0.08671875
25 0.55 0.6953125 0.078125 0.04296875