15 0.24140625 0.23203125 0.283203125 0.063671875
18 0.85859375 0.48984375 0.255078125 0.0734375
47 0.6359375 0.703125 0.171875 0.193359375
71 0.1359375 0.74296875 0.121875 0.066796875
71 0.2359375 0.7265625 0.11015625 0.066015625
71 0.35859375 0.7296875 0.116796875 0.053125
75 0.78359375 0.55703125 0.121875 0.0734375
75 0.89140625 0.55703125 0.094921875 0.0734375
7 0.14453125 0.5515625 0.2 0.07265625
7 0.296875 0.5546875 0.155859375 0.059765625
32 0.875 0.71015625 0.25 0.166796875
18 0.64453125 0.5234375 0.178125 0.046875