16 0.54140625 0.36796875 0.278125 0.18359375
40 0.64453125 0.71796875 0.33359375 0.13671875
64 0.503125 0.55 0.29453125 0.18359375
24 0.06953125 0.6953125 0.13359375 0.20703125
18 0.025 0.26171875 0.05 0.1234375
32 0.0390625 0.721875 0.078125 0.15
32 0.01640625 0.57109375 0.0328125 0.1765625
59 0.9078125 0.59765625 0.184375 0.3578125
7 0.028125 0.56328125 0.05546875 0.11328125
7 0.03359375 0.48671875 0.06640625 0.06640625
71 0.96953125 0.36328125 0.0609375 0.0796875
59 0.8828125 0.59765625 0.234375 0.3640625
75 0.203125 0.31171875 0.13359375 0.0703125