15 0.946875 0.3453125 0.10546875 0.1703125
18 0.51640625 0.71484375 0.121875 0.15703125
47 0.1609375 0.58203125 0.321875 0.103125
71 0.09453125 0.28203125 0.1109375 0.0734375
71 0.121875 0.34140625 0.1109375 0.06640625
71 0.11640625 0.41484375 0.0890625 0.0703125
75 0.40546875 0.6703125 0.121875 0.0734375
75 0.40546875 0.73515625 0.121875 0.05703125
7 0.4140625 0.28671875 0.121875 0.1203125
7 0.40859375 0.378125 0.10546875 0.08984375
32 0.15 0.725 0.278125 0.15
18 0.4609375 0.58671875 0.078125 0.10703125