7 0.91953125 0.171875 0.1609375 0.07578125
72 0.0859375 0.33359375 0.16015625 0.160546875
18 0.425 0.3796875 0.221875 0.066015625
7 0.89140625 0.1234375 0.144921875 0.07265625
45 0.9359375 0.3453125 0.128125 0.12890625
15 0.846875 0.2734375 0.283984375 0.07890625
18 0.9 0.53515625 0.2 0.089453125
16 0.26953125 0.4984375 0.371875 0.037109375
52 0.50859375 0.88515625 0.783203125 0.1234375
71 0.16640625 0.628125 0.1 0.043359375
75 0.85859375 0.70703125 0.105078125 0.0734375
75 0.278125 0.16328125 0.133984375 0.086328125
75 0.421875 0.16640625 0.11171875 0.086328125
25 0.55 0.6953125 0.078125 0.043359375