71 0.1140625 0.625 0.216015625 0.062890625
71 0.1 0.68515625 0.2 0.0703125
71 0.2 0.56796875 0.178125 0.063671875
71 0.25546875 0.65 0.1109375 0.07421875
71 0.35859375 0.59140625 0.116796875 0.096875
71 0.346875 0.5984375 0.128125 0.112890625
71 0.225 0.7265625 0.171875 0.07265625
71 0.29453125 0.38203125 0.544921875 0.363671875
59 0.29453125 0.38203125 0.555078125 0.363671875
25 0.58046875 0.48359375 0.128125 0.053125
25 0.553125 0.53515625 0.133984375 0.063671875
25 0.55546875 0.596875 0.144921875 0.053125