7 0.39453125 0.4203125 0.09453125 0.03671875
7 0.48046875 0.41796875 0.08359375 0.03671875
71 0.228125 0.41796875 0.08359375 0.0265625
71 0.321875 0.4203125 0.08359375 0.0296875
32 0.45546875 0.3703125 0.15546875 0.06640625
32 0.321875 0.38203125 0.128125 0.046875
18 0.428125 0.29140625 0.13359375 0.0265625
15 0.2390625 0.25703125 0.16640625 0.05
25 0.746875 0.4734375 0.15546875 0.06328125
52 0.503125 0.54296875 0.21640625 0.13671875
75 0.6640625 0.5515625 0.0390625 0.046875
72 0.85546875 0.43359375 0.0609375 0.1703125
40 0.20859375 0.68984375 0.13359375 0.08359375
16 0.59140625 0.66328125 0.04453125 0.06328125
16 0.63359375 0.68515625 0.0609375 0.08984375
75 0.5859375 0.3703125 0.071875 0.04296875
46 0.94140625 0.3796875 0.11640625 0.303125
71 0.45859375 0.9296875 0.09453125 0.06015625
71 0.546875 0.95 0.08359375 0.06328125
71 0.603125 0.91484375 0.08359375 0.05703125
59 0.2359375 0.8234375 0.3609375 0.1734375