16 0.45859375 0.63203125 0.278125 0.18359375
40 0.35546875 0.28203125 0.33359375 0.13671875
64 0.496875 0.45 0.29453125 0.1796875
24 0.93046875 0.3046875 0.13359375 0.20703125
59 0.09453125 0.4 0.1890625 0.353125
71 0.03046875 0.66640625 0.0609375 0.06640625
71 0.03046875 0.63671875 0.0609375 0.0796875
71 0.03359375 0.73515625 0.06640625 0.06328125
71 0.0390625 0.725 0.078125 0.08984375
71 0.0359375 0.6515625 0.071875 0.0703125
59 0.11640625 0.40078125 0.2328125 0.3640625
75 0.796875 0.68828125 0.13359375 0.0703125