15 0.053125 0.6546875 0.105859375 0.17109375
18 0.48359375 0.28515625 0.116796875 0.153125
47 0.8390625 0.41796875 0.321875 0.103125
71 0.90546875 0.71796875 0.1109375 0.0734375
71 0.878125 0.65859375 0.11171875 0.066796875
71 0.88359375 0.58515625 0.0890625 0.0703125
75 0.59453125 0.3296875 0.121875 0.07265625
75 0.59453125 0.26484375 0.121875 0.057421875
7 0.5859375 0.71328125 0.121875 0.1203125
7 0.59140625 0.621875 0.1 0.093359375
32 0.85 0.275 0.278125 0.15
18 0.5390625 0.41328125 0.078125 0.107421875