71 0.70859375 0.73203125 0.10546875 0.1296875
71 0.80859375 0.73984375 0.11640625 0.1203125
71 0.6140625 0.6796875 0.10546875 0.10703125
71 0.75 0.646875 0.121875 0.06640625
71 0.653125 0.58515625 0.1609375 0.0703125
71 0.6640625 0.59140625 0.1890625 0.0765625
71 0.878125 0.66484375 0.121875 0.103125
71 0.303125 0.6234375 0.60546875 0.3265625
59 0.303125 0.6234375 0.60546875 0.33359375
25 0.471875 0.4515625 0.0890625 0.0765625
25 0.55859375 0.46796875 0.10546875 0.0796875
25 0.6609375 0.46640625 0.0890625 0.08671875