32 0.1859375 0.178125 0.23359375 0.153125
32 0.4109375 0.1453125 0.2609375 0.08359375
75 0.603125 0.1296875 0.10546875 0.06015625
75 0.59140625 0.1953125 0.10546875 0.06640625
75 0.70546875 0.1265625 0.08359375 0.06015625
75 0.54453125 0.4265625 0.09453125 0.06015625
75 0.446875 0.43359375 0.0890625 0.05703125
73 0.23359375 0.3546875 0.35 0.103125
7 0.6890625 0.41796875 0.13359375 0.05703125
7 0.7359375 0.38828125 0.078125 0.05703125
7 0.653125 0.38203125 0.09453125 0.04296875
52 0.378125 0.61796875 0.4609375 0.13359375
16 0.75859375 0.553125 0.19453125 0.096875
24 0.7140625 0.6265625 0.2890625 0.09296875
25 0.60546875 0.76015625 0.228125 0.04296875
59 0.4109375 0.846875 0.378125 0.1765625
71 0.69140625 0.85 0.11640625 0.04296875
71 0.75859375 0.878125 0.08359375 0.06015625
71 0.85859375 0.88671875 0.08359375 0.06328125
71 0.6609375 0.903125 0.078125 0.06640625
71 0.7359375 0.94296875 0.071875 0.08671875
71 0.828125 0.9453125 0.0890625 0.08671875