7 0.03359375 0.2484375 0.066796875 0.096875
72 0.221875 0.7484375 0.266015625 0.096875
18 0.3 0.5453125 0.11171875 0.133984375
7 0.03046875 0.26328125 0.0609375 0.086328125
45 0.24140625 0.23828125 0.216796875 0.0765625
15 0.121875 0.29140625 0.133984375 0.1703125
18 0.55859375 0.26015625 0.15 0.1203125
16 0.496875 0.63828125 0.06171875 0.2234375
71 0.7140625 0.7 0.071875 0.059765625
75 0.84453125 0.28515625 0.121875 0.063671875
75 0.0359375 0.63359375 0.071875 0.0796875
75 0.0359375 0.546875 0.071875 0.066015625
25 0.825 0.4703125 0.071875 0.046875