32 0.1859375 0.178125 0.233984375 0.153125
32 0.4109375 0.1453125 0.26015625 0.083984375
75 0.603125 0.1296875 0.105859375 0.059765625
75 0.59140625 0.1953125 0.105078125 0.066015625
75 0.70546875 0.1265625 0.083203125 0.059765625
75 0.54453125 0.4265625 0.094921875 0.059765625
75 0.446875 0.43359375 0.08828125 0.057421875
73 0.23359375 0.3546875 0.35 0.103125
7 0.6890625 0.41796875 0.133984375 0.057421875
7 0.7359375 0.38828125 0.078125 0.057421875
7 0.653125 0.38203125 0.094140625 0.042578125
52 0.378125 0.61796875 0.46171875 0.133203125
16 0.75859375 0.553125 0.194921875 0.096875
24 0.7140625 0.6265625 0.28984375 0.093359375
25 0.60546875 0.76015625 0.228125 0.042578125
59 0.4109375 0.846875 0.378125 0.17578125
71 0.69140625 0.85 0.116796875 0.043359375
71 0.75859375 0.878125 0.083203125 0.059765625
71 0.85859375 0.88671875 0.083203125 0.063671875
71 0.6609375 0.903125 0.078125 0.066015625
71 0.7359375 0.94296875 0.071875 0.086328125
71 0.828125 0.9453125 0.08828125 0.087109375