71 0.29140625 0.26796875 0.105078125 0.1296875
71 0.19140625 0.26015625 0.116796875 0.1203125
71 0.3859375 0.3203125 0.105859375 0.106640625
71 0.25 0.353125 0.121875 0.066015625
71 0.346875 0.41484375 0.16171875 0.0703125
71 0.3359375 0.40859375 0.18984375 0.0765625
71 0.121875 0.33515625 0.121875 0.103125
71 0.696875 0.3765625 0.605859375 0.32734375
59 0.696875 0.3765625 0.605859375 0.333984375
25 0.528125 0.5484375 0.08828125 0.07734375
25 0.44140625 0.53203125 0.105078125 0.083203125
25 0.3390625 0.53359375 0.08984375 0.086328125