8 0.4234375 0.58984375 0.165625 0.09375
71 0.5640625 0.60234375 0.15390625 0.1
19 0.753125 0.59921875 0.20546875 0.09375
23 0.353125 0.61953125 0.08203125 0.071875
64 0.80078125 0.84453125 0.159375 0.2359375
66 0.52734375 0.87421875 0.1375 0.10625
9 0.37421875 0.903125 0.15625 0.10703125
16 0.56953125 0.2109375 0.0859375 0.04765625
31 0.70625 0.21015625 0.10078125 0.0609375
43 0.79765625 0.21796875 0.1296875 0.0390625
36 0.3734375 0.234375 0.221875 0.03046875
37 0.74453125 0.41328125 0.065625 0.09375
15 0.39140625 0.421875 0.178125 0.06953125
33 0.7796875 0.4453125 0.17109375 0.09140625
68 0.39375 0.45859375 0.26171875 0.0890625
16 0.61875 0.45625 0.196875 0.06796875