8 0.43125 0.5890625 0.1734375 0.096875
19 0.75546875 0.60546875 0.2 0.0953125
71 0.5578125 0.60546875 0.15625 0.0875
23 0.34765625 0.62578125 0.0921875 0.078125
51 0.7703125 0.85625 0.125 0.1109375
66 0.5140625 0.87421875 0.128125 0.09375
55 0.6484375 0.87578125 0.1296875 0.096875
9 0.37578125 0.89296875 0.128125 0.06875
18 0.57578125 0.2125 0.0796875 0.046875
31 0.70859375 0.21640625 0.1125 0.046875
43 0.803125 0.2234375 0.115625 0.034375
15 0.39375 0.41015625 0.1921875 0.04375
37 0.7453125 0.41640625 0.059375 0.084375
33 0.78984375 0.45546875 0.16875 0.1
16 0.6203125 0.45703125 0.190625 0.0609375
68 0.4 0.46015625 0.2625 0.078125