9 0.73984375 0.475 0.228125 0.059375
67 0.7375 0.58046875 0.11171875 0.146875
29 0.325 0.57734375 0.13828125 0.1265625
51 0.45 0.59921875 0.15625 0.1046875
8 0.621875 0.61171875 0.20078125 0.0875
23 0.74609375 0.62578125 0.08125 0.0703125
37 0.325 0.83671875 0.059375 0.1015625
12 0.54609375 0.890625 0.1421875 0.08203125
43 0.721875 0.91640625 0.15546875 0.09375
36 0.371875 0.9328125 0.23671875 0.103125
62 0.634375 0.96484375 0.18125 0.0671875
47 0.5328125 0.1625 0.11640625 0.18671875
67 0.3859375 0.17734375 0.12734375 0.1328125
55 0.7015625 0.225 0.18125 0.065625
68 0.55703125 0.4546875 0.1484375 0.084375
31 0.35703125 0.45234375 0.096875 0.0578125