19 0.75703125 0.58984375 0.2125 0.103125
71 0.565625 0.60234375 0.165625 0.1015625
12 0.37734375 0.6265625 0.1265625 0.0484375
64 0.80390625 0.83515625 0.1703125 0.23125
48 0.68046875 0.85625 0.15625 0.1015625
36 0.43125 0.9125 0.1828125 0.0875
18 0.565625 0.20703125 0.0859375 0.0546875
31 0.6984375 0.20390625 0.10625 0.05
43 0.790625 0.2078125 0.1296875 0.05
37 0.7375 0.3984375 0.065625 0.0765625
15 0.39296875 0.4328125 0.190625 0.0828125
33 0.7765625 0.43125 0.1953125 0.1015625
16 0.615625 0.45078125 0.1921875 0.0703125
68 0.39453125 0.465625 0.259375 0.0953125