29 0.4 0.5515625 0.16171875 0.140625
66 0.353125 0.59140625 0.15078125 0.0984375
19 0.75078125 0.621875 0.196875 0.10546875
16 0.5453125 0.61328125 0.23125 0.084375
8 0.76328125 0.8890625 0.18125 0.13359375
36 0.384375 0.9 0.209375 0.09453125
23 0.609375 0.9203125 0.08671875 0.078125
37 0.67109375 0.196875 0.0796875 0.11953125
15 0.403125 0.19375 0.2 0.10546875
18 0.6046875 0.21796875 0.11015625 0.059375
12 0.76796875 0.2390625 0.1328125 0.03359375
71 0.55859375 0.44765625 0.1578125 0.08125
9 0.3765625 0.4546875 0.20234375 0.06875
68 0.715625 0.4734375 0.2625 0.08515625