15 0.61875 0.5875 0.16953125 0.096875
71 0.76484375 0.5890625 0.1421875 0.065625
19 0.43515625 0.596875 0.1875 0.103125
67 0.8109375 0.8234375 0.09765625 0.140625
29 0.3765625 0.84921875 0.096875 0.1203125
33 0.53203125 0.86640625 0.209375 0.0953125
16 0.715625 0.8734375 0.12578125 0.10234375
55 0.78515625 0.21015625 0.1453125 0.05625
62 0.63515625 0.225 0.15625 0.03671875
47 0.46171875 0.39921875 0.0828125 0.1515625
51 0.7984375 0.43203125 0.16484375 0.103125
26 0.4171875 0.45546875 0.10625 0.0515625
13 0.5734375 0.4546875 0.14765625 0.06484375