8 0.4265625 0.5921875 0.16640625 0.1
71 0.56796875 0.6 0.1578125 0.10546875
19 0.75703125 0.590625 0.2078125 0.1
23 0.35703125 0.625 0.084375 0.075
64 0.8125 0.834375 0.16796875 0.24296875
66 0.540625 0.8734375 0.140625 0.11015625
9 0.38828125 0.90703125 0.159375 0.1140625
16 0.559375 0.209375 0.08671875 0.05078125
31 0.6953125 0.203125 0.103125 0.06328125
43 0.7875 0.2078125 0.13125 0.04375
36 0.3640625 0.2390625 0.22265625 0.0375
37 0.74140625 0.4046875 0.06875 0.09609375
15 0.3890625 0.42578125 0.17890625 0.0765625
33 0.77734375 0.43515625 0.1734375 0.0984375
68 0.3921875 0.4625 0.26484375 0.09921875
16 0.6171875 0.45234375 0.19765625 0.0734375