16 0.62578125 0.47265625 0.128125 0.0359375
29 0.43359375 0.53984375 0.140625 0.0625
15 0.58359375 0.5671875 0.153125 0.06484375
23 0.77109375 0.5796875 0.0765625 0.03515625
19 0.64921875 0.60546875 0.246875 0.090625
48 0.41953125 0.60703125 0.228125 0.090625
31 0.8234375 0.62421875 0.1125 0.0609375
47 0.75390625 0.8265625 0.0953125 0.146875
55 0.40078125 0.85 0.134375 0.0875
47 0.80546875 0.8515625 0.10625 0.171875
36 0.553125 0.85390625 0.140625 0.059375
67 0.67109375 0.865625 0.109375 0.13671875
8 0.77578125 0.91875 0.19375 0.121875
34 0.525 0.92265625 0.16328125 0.1359375
43 0.36171875 0.93203125 0.15 0.090625
64 0.340625 0.1578125 0.175 0.178125
67 0.77578125 0.1765625 0.09375 0.125
51 0.66875 0.1796875 0.1125 0.046875
37 0.83046875 0.18671875 0.0671875 0.1125
68 0.66171875 0.20546875 0.259375 0.0703125
71 0.48203125 0.21796875 0.1484375 0.053125
33 0.79140625 0.41484375 0.15625 0.1484375
66 0.5703125 0.4359375 0.13359375 0.071875
5 0.40625 0.4421875 0.16875 0.059375
18 0.4203125 0.45390625 0.13984375 0.0609375
16 0.746875 0.46015625 0.12421875 0.065625