29 0.40546875 0.55703125 0.1578125 0.128125
66 0.35859375 0.603125 0.1328125 0.096875
19 0.76015625 0.59765625 0.1984375 0.1046875
16 0.553125 0.61328125 0.225 0.075
8 0.79609375 0.8703125 0.1671875 0.121875
36 0.409375 0.90625 0.19453125 0.0875
23 0.64296875 0.91484375 0.0890625 0.0765625
15 0.38203125 0.2015625 0.2 0.09140625
18 0.5859375 0.2140625 0.10859375 0.05859375
71 0.5546875 0.44453125 0.16484375 0.0765625
43 0.71015625 0.45859375 0.2578125 0.065625
9 0.37421875 0.465625 0.1984375 0.05703125