19 0.75546875 0.60078125 0.203125 0.115625
9 0.5234375 0.61484375 0.28515625 0.0671875
21 0.35234375 0.61875 0.121875 0.06171875
15 0.5515625 0.86796875 0.19609375 0.1265625
20 0.728125 0.88125 0.21796875 0.10703125
34 0.39296875 0.8765625 0.1828125 0.103125
37 0.3828125 0.18984375 0.065625 0.09375
51 0.746875 0.20859375 0.19453125 0.096875
18 0.51796875 0.21640625 0.0953125 0.0546875
26 0.775 0.2265625 0.16328125 0.05390625
64 0.37265625 0.41953125 0.196875 0.1578125
33 0.7703125 0.46171875 0.234375 0.075