67 0.75 0.559375 0.1078125 0.1359375
29 0.33828125 0.584375 0.1234375 0.11875
64 0.5234375 0.6015625 0.3109375 0.1046875
47 0.6453125 0.8140625 0.0953125 0.1625
23 0.34453125 0.87265625 0.0734375 0.06875
37 0.365625 0.89375 0.0609375 0.1109375
18 0.60546875 0.9109375 0.1328125 0.0921875
29 0.3328125 0.1765625 0.159375 0.1484375
15 0.48828125 0.203125 0.196875 0.08125
5 0.6109375 0.209375 0.28125 0.075
71 0.7796875 0.21484375 0.0984375 0.0546875
66 0.38671875 0.45078125 0.14375 0.078125
43 0.696875 0.453125 0.2015625 0.05
16 0.54296875 0.46015625 0.196875 0.0734375