21 0.65078125 0.47265625 0.1140625 0.0375
29 0.4171875 0.56484375 0.12265625 0.1171875
66 0.546875 0.58046875 0.15 0.065625
20 0.721875 0.61875 0.221875 0.05
67 0.659375 0.8265625 0.10546875 0.12734375
33 0.77265625 0.90390625 0.2203125 0.1109375
16 0.41328125 0.909375 0.2125 0.06953125
15 0.60234375 0.203125 0.1859375 0.08828125
55 0.76640625 0.2125 0.1546875 0.06953125
26 0.4640625 0.2140625 0.12890625 0.05
47 0.375 0.4375 0.12578125 0.07578125
48 0.7765625 0.45390625 0.15859375 0.0703125
62 0.51796875 0.4625 0.15 0.04375