48 0.4015625 0.59296875 0.14609375 0.0796875
68 0.76640625 0.60078125 0.178125 0.09375
18 0.5796875 0.5984375 0.13984375 0.065625
64 0.7296875 0.81796875 0.21484375 0.165625
13 0.3515625 0.86171875 0.12265625 0.1234375
9 0.52734375 0.88359375 0.25625 0.1140625
71 0.64375 0.2078125 0.153125 0.078125
23 0.3609375 0.21015625 0.09609375 0.0703125
55 0.484375 0.2125 0.1625 0.06875
8 0.77578125 0.225 0.184375 0.053125
37 0.79453125 0.4390625 0.0671875 0.115625
26 0.63203125 0.45859375 0.159375 0.053125