68 0.4859375 0.565625 0.11640625 0.05078125
68 0.621875 0.58828125 0.16171875 0.065625
26 0.76875 0.60078125 0.11328125 0.05625
34 0.4390625 0.6140625 0.178125 0.075
20 0.59921875 0.875 0.184375 0.08671875
15 0.7875 0.88046875 0.16328125 0.1109375
13 0.3953125 0.8875 0.146875 0.09296875
29 0.4515625 0.18671875 0.1125 0.1390625
5 0.8171875 0.21328125 0.1 0.0703125
18 0.603125 0.215625 0.08671875 0.05
23 0.36953125 0.215625 0.0828125 0.06171875
47 0.59296875 0.40390625 0.0859375 0.15625
33 0.78515625 0.453125 0.1953125 0.075
66 0.38671875 0.4578125 0.128125 0.065625