29 0.53828125 0.57265625 0.134375 0.1390625
12 0.6828125 0.59609375 0.1515625 0.0609375
15 0.371875 0.59609375 0.178125 0.1015625
5 0.77265625 0.85859375 0.0921875 0.075
51 0.64921875 0.8625 0.1453125 0.1265625
8 0.5125 0.88046875 0.2 0.1125
43 0.3625 0.878125 0.1546875 0.0828125
64 0.73359375 0.20859375 0.259375 0.0875
71 0.39765625 0.2046875 0.2125 0.090625
33 0.55 0.21875 0.1640625 0.059375
55 0.709375 0.4515625 0.134375 0.06875
18 0.628125 0.45859375 0.16875 0.075
34 0.3984375 0.4625 0.1921875 0.0578125