67 0.7515625 0.55546875 0.109375 0.1375
29 0.33984375 0.58671875 0.1265625 0.121875
64 0.52578125 0.6015625 0.3125 0.109375
47 0.65078125 0.81171875 0.0984375 0.1640625
23 0.3515625 0.875 0.075 0.0703125
37 0.37265625 0.89609375 0.0625 0.1109375
18 0.6125 0.90859375 0.134375 0.09375
29 0.32734375 0.17890625 0.1609375 0.1515625
15 0.48359375 0.20390625 0.1984375 0.084375
5 0.60546875 0.2078125 0.28125 0.0796875
71 0.77421875 0.21015625 0.1 0.05625
66 0.3859375 0.45234375 0.1453125 0.08125
43 0.69609375 0.44921875 0.2015625 0.053125
16 0.5421875 0.459375 0.196875 0.0765625