19 0.4390625 0.59296875 0.19375 0.084375
20 0.79140625 0.59609375 0.1671875 0.0546875
33 0.659375 0.8296875 0.1875 0.11484375
29 0.51640625 0.8640625 0.134375 0.13125
13 0.4046875 0.88828125 0.14609375 0.0921875
43 0.7859375 0.89609375 0.09140625 0.078125
43 0.62421875 0.90546875 0.06875 0.046875
55 0.5265625 0.2109375 0.19609375 0.06484375
26 0.36953125 0.2203125 0.1171875 0.05234375
62 0.78203125 0.2171875 0.1765625 0.03984375
47 0.7328125 0.3890625 0.10859375 0.153125
51 0.790625 0.428125 0.15703125 0.1
71 0.59453125 0.44140625 0.1546875 0.071875
34 0.42890625 0.4578125 0.1984375 0.05625