29 0.33984375 0.58046875 0.1140625 0.11875
71 0.72578125 0.59375 0.14375 0.084375
48 0.4640625 0.5921875 0.134375 0.09375
15 0.68203125 0.828125 0.1515625 0.090625
9 0.375 0.884375 0.190625 0.096875
16 0.75703125 0.90546875 0.2 0.1109375
64 0.54140625 0.9046875 0.2671875 0.146875
67 0.5984375 0.1859375 0.12109375 0.12265625
19 0.75625 0.2109375 0.21171875 0.07890625
18 0.39140625 0.20546875 0.1515625 0.0625
37 0.353125 0.41875 0.05625 0.1
68 0.5421875 0.45078125 0.21484375 0.0796875
34 0.759375 0.46875 0.22421875 0.0625
62 0.340625 0.4625 0.115625 0.03671875