29 0.409375 0.55625 0.16171875 0.11171875
19 0.7515625 0.60859375 0.19765625 0.0953125
48 0.365625 0.60234375 0.16796875 0.0953125
16 0.54765625 0.6109375 0.225 0.08125
8 0.77421875 0.88203125 0.165625 0.125
36 0.4 0.90390625 0.18671875 0.0890625
23 0.62421875 0.91875 0.08125 0.07578125
66 0.36484375 0.1984375 0.14375 0.08125
18 0.5953125 0.2140625 0.103125 0.05625
62 0.7859375 0.23515625 0.11875 0.034375
29 0.38671875 0.43359375 0.1546875 0.1140625
37 0.76875 0.440625 0.08671875 0.11875
31 0.67109375 0.440625 0.1015625 0.03125
71 0.553125 0.44453125 0.15703125 0.0828125
43 0.73515625 0.46015625 0.2109375 0.05