18 0.58671875 0.5875 0.1296875 0.05703125
26 0.75703125 0.58984375 0.1109375 0.0640625
20 0.40390625 0.61015625 0.1921875 0.0765625
15 0.54140625 0.834375 0.1703125 0.115625
19 0.73359375 0.86640625 0.2859375 0.1328125
55 0.396875 0.89296875 0.1375 0.084375
48 0.3796875 0.20703125 0.15390625 0.078125
16 0.7765625 0.21796875 0.22890625 0.0421875
21 0.5078125 0.23671875 0.128125 0.0234375
47 0.4234375 0.4078125 0.10234375 0.17109375
67 0.56484375 0.41015625 0.103125 0.1328125
71 0.7453125 0.44296875 0.17109375 0.078125