19 0.73125 0.58125 0.21328125 0.09453125
55 0.5453125 0.6 0.16015625 0.07578125
62 0.40078125 0.6109375 0.1203125 0.04765625
47 0.671875 0.81171875 0.10078125 0.1640625
23 0.36953125 0.8734375 0.075 0.07109375
67 0.5953125 0.8734375 0.11640625 0.15234375
37 0.3890625 0.8953125 0.0625 0.11015625
18 0.71171875 0.20234375 0.0875 0.0546875
68 0.68125 0.4390625 0.065625 0.04765625
68 0.7921875 0.4421875 0.12109375 0.084375
66 0.3859375 0.45703125 0.140625 0.0828125
33 0.57734375 0.46015625 0.2609375 0.0734375