29 0.4078125 0.56171875 0.171875 0.125
19 0.75859375 0.59453125 0.1921875 0.10625
31 0.36796875 0.615625 0.1046875 0.06953125
16 0.55625 0.61171875 0.225 0.0828125
8 0.79453125 0.86640625 0.1796875 0.1296875
36 0.41953125 0.90859375 0.1984375 0.0859375
23 0.646875 0.9125 0.08203125 0.08046875
18 0.57734375 0.2078125 0.0953125 0.05859375
12 0.74765625 0.21796875 0.1234375 0.034375
64 0.40546875 0.41875 0.259375 0.165625
37 0.7046875 0.42578125 0.075 0.109375
71 0.56328125 0.44296875 0.1375 0.08125