12 0.7125 0.475 0.12421875 0.046875
29 0.4125 0.5609375 0.15703125 0.12265625
19 0.753125 0.61171875 0.20546875 0.1015625
16 0.553125 0.6140625 0.228125 0.08515625
8 0.7765625 0.8859375 0.17890625 0.115625
36 0.3890625 0.90234375 0.184375 0.08125
23 0.61875 0.9234375 0.1 0.090625
55 0.41953125 0.20546875 0.1671875 0.059375
18 0.59609375 0.215625 0.0828125 0.05546875
31 0.72578125 0.2296875 0.1171875 0.0625
43 0.8125 0.23828125 0.1375 0.05
64 0.409375 0.40546875 0.259375 0.1796875
71 0.57109375 0.446875 0.14375 0.084375