67 0.74296875 0.5765625 0.115625 0.1375
29 0.32734375 0.5703125 0.134375 0.12734375
62 0.57890625 0.625 0.1140625 0.05546875
47 0.6234375 0.8140625 0.09609375 0.14765625
37 0.3078125 0.83359375 0.05859375 0.103125
9 0.575 0.90703125 0.26875 0.0921875
55 0.3390625 0.91484375 0.16875 0.1296875
29 0.3515625 0.16328125 0.16484375 0.1515625
15 0.5078125 0.20234375 0.19609375 0.0875
5 0.634375 0.21953125 0.28046875 0.084375
71 0.7921875 0.23359375 0.10390625 0.0578125
66 0.39140625 0.44140625 0.1375 0.0890625
43 0.696875 0.46640625 0.20078125 0.05625
16 0.54140625 0.4609375 0.2 0.075