18 0.5265625 0.59765625 0.14375 0.0625
26 0.73046875 0.59296875 0.140625 0.075
47 0.371875 0.60625 0.10078125 0.09921875
68 0.753125 0.8703125 0.19453125 0.12265625
55 0.5953125 0.89140625 0.1375 0.0890625
5 0.371875 0.9125 0.103125 0.06875
15 0.43125 0.20390625 0.16953125 0.09375
71 0.66328125 0.21171875 0.159375 0.0625
12 0.7890625 0.21015625 0.17265625 0.0515625
67 0.384375 0.41328125 0.11328125 0.1296875
64 0.5765625 0.41328125 0.28984375 0.1171875
34 0.74765625 0.4515625 0.2859375 0.05859375