68 0.56015625 0.5796875 0.2875 0.09375
66 0.3890625 0.60234375 0.178125 0.084375
51 0.4 0.86328125 0.1953125 0.10625
20 0.76015625 0.89921875 0.2125 0.1203125
13 0.61328125 0.8953125 0.1453125 0.0921875
29 0.46015625 0.18046875 0.13125 0.13125
33 0.621875 0.21796875 0.1625 0.084375
23 0.37890625 0.21015625 0.0890625 0.065625
5 0.80078125 0.22890625 0.1125 0.0734375
47 0.4203125 0.3953125 0.09375 0.159375
18 0.7546875 0.453125 0.075 0.0578125
26 0.3828125 0.45703125 0.1125 0.065625
34 0.55546875 0.4671875 0.1921875 0.059375