62 0.3390625 0.4625 0.13125 0.04296875
67 0.69296875 0.57265625 0.1140625 0.1359375
29 0.3265625 0.58515625 0.128125 0.1265625
48 0.45078125 0.59140625 0.140625 0.1
71 0.60234375 0.61171875 0.159375 0.0921875
15 0.67578125 0.83125 0.159375 0.09375
9 0.3703125 0.884375 0.20234375 0.10625
64 0.52734375 0.89296875 0.278125 0.1484375
16 0.74296875 0.909375 0.1984375 0.11328125
67 0.60078125 0.1875 0.1203125 0.12578125
19 0.7609375 0.215625 0.209375 0.084375
66 0.3828125 0.2046875 0.17109375 0.084375
37 0.3546875 0.4171875 0.05859375 0.10390625
68 0.515625 0.45078125 0.2125 0.08125
55 0.734375 0.4625 0.16796875 0.07578125