67 0.74921875 0.56484375 0.10625 0.13125
29 0.3453125 0.5828125 0.128125 0.10625
62 0.60390625 0.61484375 0.125 0.046875
47 0.64296875 0.8109375 0.0953125 0.15
37 0.32890625 0.84296875 0.053125 0.1
9 0.59765625 0.90234375 0.2609375 0.078125
55 0.3671875 0.9203125 0.165625 0.1125
29 0.3328125 0.1734375 0.15 0.14765625
15 0.4953125 0.20390625 0.19140625 0.08125
71 0.7328125 0.21328125 0.196875 0.0703125
66 0.3828125 0.4453125 0.14375 0.075
43 0.69296875 0.4546875 0.19375 0.040625
16 0.540625 0.459375 0.19921875 0.0625