5 0.39609375 0.59140625 0.1796875 0.0765625
13 0.53046875 0.61328125 0.1859375 0.071875
21 0.73515625 0.6296875 0.1296875 0.053125
18 0.38828125 0.85859375 0.1390625 0.065625
66 0.58359375 0.86953125 0.13125 0.0875
20 0.753125 0.91640625 0.21171875 0.1140625
67 0.7921875 0.184375 0.12734375 0.13828125
71 0.3921875 0.20390625 0.17265625 0.0734375
26 0.603125 0.2203125 0.165625 0.05390625
64 0.3984375 0.40859375 0.203125 0.146875
51 0.75390625 0.43984375 0.19375 0.109375
37 0.521875 0.43203125 0.071875 0.115625
68 0.61015625 0.45078125 0.1453125 0.0875