33 0.6375 0.5609375 0.24453125 0.09140625
48 0.30859375 0.58125 0.159375 0.103125
64 0.62734375 0.59921875 0.234375 0.1015625
36 0.45390625 0.59921875 0.153125 0.090625
51 0.2703125 0.8578125 0.13359375 0.10625
12 0.43515625 0.86796875 0.1390625 0.0703125
34 0.6546875 0.8859375 0.221875 0.10625
37 0.4578125 0.1921875 0.06484375 0.10625
66 0.30625 0.19375 0.153125 0.084375
71 0.5609375 0.2140625 0.16640625 0.08125
8 0.6921875 0.2234375 0.13984375 0.06875
19 0.32734375 0.409375 0.225 0.09375
15 0.69921875 0.46015625 0.19375 0.1015625
62 0.49140625 0.45703125 0.1421875 0.046875