16 0.628125 0.47265625 0.1078125 0.0375
15 0.628125 0.5546875 0.15625 0.046875
66 0.39921875 0.57265625 0.128125 0.0609375
23 0.77109375 0.5890625 0.0765625 0.059375
48 0.65234375 0.5984375 0.2125 0.09375
31 0.821875 0.62578125 0.1234375 0.059375
62 0.4203125 0.63046875 0.1515625 0.034375
47 0.684375 0.82578125 0.09375 0.16875
12 0.53125 0.83359375 0.1078125 0.059375
67 0.7796875 0.8375 0.1 0.121875
55 0.4046875 0.85078125 0.165625 0.09375
8 0.5671875 0.878125 0.1921875 0.090625
43 0.36015625 0.93125 0.140625 0.0828125
9 0.75390625 0.934375 0.15625 0.075
36 0.5390625 0.94765625 0.196875 0.071875
64 0.3375 0.1578125 0.18125 0.175
67 0.7859375 0.178125 0.1015625 0.1234375
51 0.66640625 0.18125 0.1125 0.05
37 0.83046875 0.18828125 0.071875 0.1125
68 0.659375 0.21015625 0.2625 0.078125
71 0.48125 0.215625 0.15625 0.053125
29 0.515625 0.415625 0.134375 0.13125
33 0.77734375 0.42109375 0.171875 0.1375
29 0.6484375 0.425 0.1515625 0.1
5 0.396875 0.44453125 0.1609375 0.053125
18 0.4234375 0.4546875 0.1421875 0.0609375
16 0.746875 0.4609375 0.1296875 0.071875