29 0.4015625 0.565625 0.146875 0.13046875
19 0.76015625 0.5984375 0.2015625 0.09765625
48 0.36953125 0.6140625 0.1765625 0.1
16 0.5578125 0.6140625 0.21875 0.07265625
29 0.62890625 0.85234375 0.14375 0.1171875
8 0.79765625 0.87109375 0.16875 0.125
36 0.40859375 0.9078125 0.19375 0.090625
66 0.353125 0.203125 0.15546875 0.0875
18 0.5859375 0.21171875 0.096875 0.053125
62 0.77734375 0.2265625 0.140625 0.02890625
37 0.7671875 0.43125 0.078125 0.11796875
31 0.67109375 0.43515625 0.0984375 0.0296875
71 0.55546875 0.44453125 0.1484375 0.078125
55 0.40546875 0.45859375 0.1671875 0.06875
43 0.73125 0.45390625 0.19921875 0.05625