51 0.36484375 0.58828125 0.1421875 0.1
15 0.52109375 0.5953125 0.171875 0.1
18 0.6953125 0.60078125 0.14765625 0.0640625
8 0.38671875 0.878125 0.1484375 0.084375
43 0.78125 0.8765625 0.15078125 0.08515625
16 0.5125 0.89140625 0.12578125 0.09375
16 0.66796875 0.89609375 0.0890625 0.0796875
67 0.790625 0.16640625 0.1375 0.1375
62 0.50859375 0.228125 0.1265625 0.03046875
19 0.39140625 0.44453125 0.234375 0.0890625
31 0.70390625 0.45 0.1015625 0.05703125
12 0.60703125 0.45703125 0.115625 0.046875
23 0.7890625 0.45390625 0.07890625 0.0671875