51 0.37265625 0.58828125 0.1484375 0.1125
23 0.54140625 0.59921875 0.0765625 0.0671875
33 0.721875 0.59375 0.25 0.10703125
29 0.59609375 0.84140625 0.159375 0.084375
5 0.75546875 0.8546875 0.178125 0.1
55 0.4140625 0.8796875 0.15859375 0.11015625
8 0.5625 0.909375 0.221875 0.090625
47 0.72109375 0.16171875 0.09375 0.1578125
16 0.38046875 0.22578125 0.2125 0.059375
12 0.5671875 0.2203125 0.13515625 0.04609375
66 0.3609375 0.45703125 0.14140625 0.08125
71 0.56640625 0.45078125 0.2140625 0.08125
43 0.74765625 0.4546875 0.1875 0.059375