15 0.63125 0.57421875 0.16875 0.078125
67 0.79375 0.58515625 0.11953125 0.1421875
8 0.44453125 0.58828125 0.196875 0.071875
48 0.67421875 0.59453125 0.18125 0.084375
12 0.528125 0.62578125 0.11875 0.05
47 0.7609375 0.81875 0.1 0.16171875
47 0.67265625 0.81875 0.09375 0.159375
33 0.40703125 0.865625 0.203125 0.11796875
62 0.56484375 0.87421875 0.10625 0.05625
55 0.79765625 0.93125 0.19375 0.1125
36 0.56640625 0.9515625 0.1953125 0.090625
51 0.79140625 0.196875 0.125 0.090625
64 0.378125 0.19765625 0.259375 0.08125
16 0.471875 0.21484375 0.215625 0.0609375
71 0.65234375 0.21484375 0.159375 0.0625
66 0.37421875 0.4421875 0.1375 0.08359375
18 0.7234375 0.45546875 0.146875 0.053125
31 0.6 0.46171875 0.1 0.059375