67 0.74140625 0.565625 0.109375 0.134375
29 0.325 0.5828125 0.12421875 0.115625
8 0.62890625 0.60859375 0.196875 0.084375
62 0.44296875 0.62734375 0.134375 0.0453125
47 0.64609375 0.81796875 0.090625 0.159375
37 0.33046875 0.84453125 0.053125 0.1015625
51 0.45 0.8515625 0.190625 0.090625
43 0.7375 0.909375 0.15546875 0.0875
55 0.36484375 0.9234375 0.175 0.121875
29 0.33671875 0.1765625 0.1609375 0.14375
66 0.6890625 0.20859375 0.165625 0.078125
67 0.76015625 0.421875 0.11875 0.128125
23 0.32734375 0.46171875 0.0796875 0.0625
33 0.525 0.46484375 0.24453125 0.05625