62 0.3359375 0.46015625 0.125 0.0453125
67 0.7359375 0.5796875 0.11484375 0.13515625
29 0.3328125 0.57265625 0.115625 0.125
48 0.4546875 0.584375 0.13125 0.09296875
71 0.6046875 0.615625 0.16015625 0.09375
15 0.66953125 0.8390625 0.1578125 0.11015625
8 0.53515625 0.87734375 0.1921875 0.109375
9 0.35703125 0.88046875 0.1890625 0.1046875
16 0.7375 0.9171875 0.19921875 0.11484375
47 0.53671875 0.1609375 0.1140625 0.18359375
67 0.3921875 0.175 0.128125 0.13125
51 0.69140625 0.20234375 0.190625 0.1125
23 0.39921875 0.44375 0.0734375 0.06328125
68 0.51484375 0.453125 0.2109375 0.08203125
55 0.73046875 0.46484375 0.1765625 0.08125