67 0.74453125 0.55859375 0.1171875 0.1359375
29 0.328125 0.5890625 0.128125 0.11875
8 0.63359375 0.603125 0.2046875 0.08828125
62 0.44765625 0.62890625 0.1359375 0.05
37 0.34140625 0.8484375 0.05625 0.1
51 0.46015625 0.85234375 0.190625 0.0953125
23 0.70703125 0.853125 0.071875 0.06875
12 0.58203125 0.90234375 0.1453125 0.0859375
43 0.75078125 0.90078125 0.159375 0.0921875
36 0.40234375 0.940625 0.2359375 0.1
29 0.32578125 0.1828125 0.165625 0.14765625
55 0.70078125 0.2109375 0.1703125 0.06484375
47 0.3328125 0.41484375 0.10625 0.1765625
67 0.72734375 0.4140625 0.1203125 0.13125
33 0.5234375 0.4640625 0.246875 0.065625