51 0.50546875 0.5875 0.1453125 0.1
48 0.359375 0.609375 0.15546875 0.103125
8 0.65 0.6140625 0.17578125 0.07109375
43 0.721875 0.86796875 0.06171875 0.0390625
43 0.809375 0.8765625 0.08671875 0.07890625
5 0.61484375 0.88984375 0.10625 0.1046875
64 0.434375 0.89921875 0.278125 0.1546875
5 0.75234375 0.9046875 0.096875 0.07109375
19 0.759375 0.19765625 0.22421875 0.084375
12 0.34921875 0.228125 0.128125 0.0375
62 0.50859375 0.23046875 0.14375 0.0421875
66 0.371875 0.43515625 0.13125 0.06875
34 0.5703125 0.453125 0.190625 0.04921875
18 0.68359375 0.45390625 0.1109375 0.0578125
16 0.3453125 0.46796875 0.178125 0.078125