51 0.37109375 0.5875 0.1484375 0.1125
64 0.5234375 0.59375 0.2625 0.090625
33 0.76015625 0.5921875 0.2375 0.0984375
48 0.5828125 0.85390625 0.1953125 0.090625
5 0.75078125 0.85546875 0.165625 0.0890625
55 0.4171875 0.8828125 0.178125 0.1015625
68 0.83125 0.91875 0.128125 0.096875
68 0.69921875 0.92265625 0.10625 0.1046875
16 0.38046875 0.225 0.2078125 0.053125
12 0.56640625 0.21953125 0.140625 0.04375
66 0.36015625 0.4578125 0.15 0.0859375
71 0.565625 0.45078125 0.2125 0.0828125
43 0.746875 0.4546875 0.184375 0.0578125