21 0.575 0.47265625 0.165625 0.0328125
18 0.43046875 0.60546875 0.1453125 0.0578125
71 0.67890625 0.603125 0.1484375 0.065625
67 0.8109375 0.8234375 0.0984375 0.140625
29 0.3765625 0.84921875 0.096875 0.1203125
33 0.53203125 0.86640625 0.209375 0.0953125
16 0.715625 0.8734375 0.1265625 0.1015625
55 0.78515625 0.21015625 0.1453125 0.05625
62 0.63515625 0.225 0.15625 0.0359375
47 0.46171875 0.39921875 0.0828125 0.1515625
15 0.76328125 0.43515625 0.1734375 0.090625
23 0.64140625 0.44296875 0.0703125 0.0609375
26 0.4171875 0.45546875 0.10625 0.0515625