15 0.62890625 0.57890625 0.171875 0.084375
67 0.790625 0.5953125 0.125 0.146875
8 0.44140625 0.5859375 0.2 0.078125
48 0.67109375 0.60078125 0.184375 0.0921875
12 0.5234375 0.6265625 0.1203125 0.0546875
47 0.75 0.82734375 0.1046875 0.1640625
47 0.66171875 0.82421875 0.1 0.1625
33 0.39453125 0.8625 0.2078125 0.125
62 0.5515625 0.8765625 0.109375 0.0609375
55 0.78359375 0.93984375 0.1984375 0.1171875
36 0.5515625 0.9515625 0.2 0.09375
51 0.8015625 0.20703125 0.128125 0.0953125
64 0.3890625 0.19375 0.2625 0.090625
16 0.48203125 0.2140625 0.2171875 0.06875
71 0.6625 0.2203125 0.1609375 0.06875
66 0.3765625 0.4375 0.1390625 0.0875
18 0.725 0.46328125 0.1484375 0.0578125
31 0.6015625 0.46484375 0.1015625 0.0625