21 0.8125 0.47734375 0.128125 0.034375
8 0.6265625 0.58828125 0.1046875 0.0890625
26 0.459375 0.59765625 0.1 0.0625
5 0.8078125 0.6109375 0.171875 0.0921875
47 0.46640625 0.83515625 0.103125 0.1625
55 0.78671875 0.8984375 0.14375 0.1109375
33 0.60625 0.90234375 0.2234375 0.1078125
37 0.8421875 0.196875 0.075 0.1078125
71 0.69375 0.2125 0.1578125 0.071875
66 0.4125 0.21015625 0.1484375 0.0625
13 0.540625 0.2171875 0.1375 0.053125
67 0.68046875 0.41640625 0.1109375 0.140625
64 0.46484375 0.4453125 0.2640625 0.075