51 0.4171875 0.58984375 0.14765625 0.1125
43 0.74140625 0.58984375 0.1046875 0.065625
15 0.53203125 0.8546875 0.1796875 0.11875
18 0.76796875 0.88125 0.090625 0.08125
12 0.37890625 0.89375 0.1390625 0.08125
37 0.36953125 0.19609375 0.059375 0.0984375
26 0.45625 0.21640625 0.11328125 0.05
33 0.7109375 0.215625 0.23515625 0.05078125
13 0.50859375 0.42578125 0.1546875 0.0875
68 0.37890625 0.44453125 0.1453125 0.0828125
55 0.61953125 0.446875 0.1546875 0.07578125
20 0.79140625 0.45546875 0.20625 0.05