51 0.37421875 0.590625 0.15 0.115625
23 0.54375 0.5984375 0.078125 0.06640625
33 0.7234375 0.58984375 0.25234375 0.1125
29 0.60234375 0.83984375 0.1609375 0.0875
5 0.76171875 0.85 0.1796875 0.103125
55 0.4203125 0.88125 0.159375 0.11328125
8 0.56953125 0.9078125 0.2234375 0.09375
47 0.71484375 0.1578125 0.096875 0.159375
16 0.37578125 0.228125 0.2140625 0.0625
12 0.56171875 0.21875 0.1375 0.046875
66 0.36015625 0.459375 0.1421875 0.084375
71 0.565625 0.45 0.215625 0.084375
43 0.746875 0.45 0.18828125 0.0625