67 0.7375 0.5734375 0.11328125 0.13515625
29 0.33828125 0.5765625 0.1140625 0.12890625
51 0.45390625 0.6 0.153125 0.10625
71 0.60546875 0.615625 0.15625 0.090625
23 0.74765625 0.6265625 0.08125 0.06875
15 0.6734375 0.83671875 0.15625 0.10625
37 0.32421875 0.8375 0.0609375 0.10078125
8 0.5421875 0.88046875 0.18125 0.1015625
36 0.371875 0.93515625 0.234375 0.1015625
47 0.5296875 0.1640625 0.11484375 0.19140625
67 0.38515625 0.17578125 0.128125 0.1328125
12 0.7453125 0.23125 0.153125 0.04453125
68 0.51328125 0.4515625 0.209375 0.090625
55 0.73125 0.46015625 0.171875 0.071875
31 0.35546875 0.45390625 0.09375 0.0578125