67 0.77265625 0.56484375 0.109375 0.1359375
29 0.35625 0.58359375 0.140625 0.109375
8 0.53671875 0.59453125 0.175 0.078125
31 0.71171875 0.621875 0.1140625 0.065625
47 0.66328125 0.81875 0.0953125 0.159375
23 0.3578125 0.86796875 0.071875 0.06875
37 0.37734375 0.890625 0.059375 0.10703125
18 0.61796875 0.9125 0.134375 0.0875
71 0.76171875 0.215625 0.2 0.06328125
12 0.52265625 0.2234375 0.1375 0.0375
48 0.56484375 0.446875 0.153125 0.10625
66 0.38671875 0.44921875 0.14375 0.078125
68 0.79375 0.45234375 0.121875 0.0703125
68 0.68515625 0.45546875 0.08125 0.05625