29 0.5328125 0.58515625 0.1 0.1171875
66 0.41015625 0.5984375 0.1234375 0.075
20 0.71640625 0.6046875 0.203125 0.046875
47 0.59609375 0.8109375 0.090625 0.15390625
34 0.4546875 0.86953125 0.15859375 0.0859375
9 0.75546875 0.87890625 0.15625 0.078125
19 0.4234375 0.2078125 0.17890625 0.071875
5 0.784375 0.21640625 0.16328125 0.05625
12 0.64921875 0.22890625 0.153125 0.028125
47 0.38203125 0.409375 0.0953125 0.165625
23 0.7328125 0.4390625 0.065625 0.046875
26 0.56484375 0.45546875 0.109375 0.05
16 0.74296875 0.46328125 0.209375 0.046875