67 0.53046875 0.571875 0.1109375 0.13671875
15 0.36875 0.59296875 0.18046875 0.103125
8 0.67734375 0.621875 0.1921875 0.08046875
51 0.6609375 0.87890625 0.146875 0.1328125
48 0.51484375 0.8734375 0.1203125 0.11015625
5 0.7765625 0.8953125 0.121875 0.11640625
43 0.34453125 0.87265625 0.1453125 0.0859375
64 0.7421875 0.21875 0.25625 0.09296875
33 0.55078125 0.21484375 0.203125 0.075
23 0.4 0.21171875 0.08125 0.05625
71 0.3890625 0.44375 0.15390625 0.06328125
55 0.65546875 0.46015625 0.2703125 0.08125