21 0.4953125 0.46953125 0.2 0.040625
29 0.4328125 0.575 0.125 0.11953125
20 0.5875 0.60390625 0.16328125 0.0578125
18 0.775 0.5984375 0.15078125 0.05625
67 0.796875 0.8453125 0.11953125 0.1375
33 0.678125 0.85859375 0.15078125 0.1203125
16 0.5265625 0.86953125 0.146875 0.0921875
66 0.3984375 0.878125 0.13125 0.09921875
55 0.7375 0.19921875 0.19375 0.0734375
26 0.44921875 0.21640625 0.1296875 0.053125
47 0.371875 0.44453125 0.128125 0.0796875
23 0.68359375 0.4390625 0.071875 0.0625
48 0.78671875 0.43984375 0.134375 0.0703125