9 0.73828125 0.4625 0.228125 0.05703125
67 0.740625 0.5640625 0.10625 0.1375
29 0.33203125 0.58828125 0.1234375 0.11875
51 0.45546875 0.6 0.1515625 0.103125
8 0.63046875 0.6078125 0.1953125 0.08515625
23 0.753125 0.61328125 0.08046875 0.0671875
15 0.690625 0.8265625 0.153125 0.1
37 0.34375 0.84609375 0.059375 0.1
12 0.55546875 0.88828125 0.140625 0.08125
43 0.72421875 0.9015625 0.2078125 0.08515625
36 0.39375 0.93828125 0.234375 0.1
62 0.65625 0.9625 0.16328125 0.06796875
47 0.50703125 0.1625 0.1140625 0.19296875
67 0.3703125 0.18203125 0.12265625 0.128125
55 0.6859375 0.2140625 0.16484375 0.065625
68 0.5109375 0.44921875 0.22109375 0.090625
31 0.35234375 0.4609375 0.096875 0.05625