15 0.6296875 0.5765625 0.1703125 0.08125
67 0.7921875 0.590625 0.1234375 0.14375
8 0.44296875 0.5875 0.1984375 0.075
48 0.67265625 0.59765625 0.1828125 0.0890625
12 0.52578125 0.6265625 0.11875 0.0515625
47 0.75546875 0.8234375 0.1015625 0.1625
47 0.6671875 0.821875 0.096875 0.1609375
33 0.40078125 0.8640625 0.20625 0.1203125
62 0.55859375 0.875 0.1078125 0.059375
55 0.78984375 0.93671875 0.1953125 0.115625
36 0.55859375 0.95234375 0.196875 0.09375
51 0.796875 0.20234375 0.1265625 0.0921875
64 0.38359375 0.1953125 0.2609375 0.0859375
16 0.4765625 0.2140625 0.2171875 0.0640625
71 0.65703125 0.2171875 0.159375 0.065625
66 0.375 0.43984375 0.1375 0.0859375
18 0.72421875 0.459375 0.1484375 0.0546875
31 0.60078125 0.46328125 0.1015625 0.0609375