18 0.53984375 0.59921875 0.1234375 0.0734375
13 0.7453125 0.61796875 0.159375 0.084375
16 0.35703125 0.60546875 0.1421875 0.0671875
68 0.7265625 0.8890625 0.203125 0.13125
55 0.5625 0.8984375 0.14375 0.09140625
5 0.3984375 0.8921875 0.21015625 0.109375
47 0.8015625 0.18671875 0.12265625 0.1515625
15 0.51796875 0.20625 0.171875 0.08671875
12 0.3828125 0.21328125 0.12890625 0.046875
67 0.39453125 0.40390625 0.11875 0.1359375
64 0.590625 0.4234375 0.28671875 0.11875
34 0.75 0.47421875 0.2875 0.0625