33 0.64453125 0.55234375 0.246875 0.0921875
48 0.31484375 0.59453125 0.1640625 0.090625
64 0.6375 0.5859375 0.2375 0.1125
36 0.471875 0.596875 0.18828125 0.09921875
51 0.2984375 0.8765625 0.13515625 0.11015625
12 0.465625 0.875 0.146875 0.06953125
34 0.69375 0.871875 0.20703125 0.11328125
37 0.425 0.19609375 0.06171875 0.0984375
66 0.26953125 0.21484375 0.159375 0.0875
71 0.53046875 0.20859375 0.1765625 0.078125
8 0.65546875 0.209375 0.1453125 0.071875
19 0.31953125 0.4265625 0.215625 0.08515625
15 0.68203125 0.4375 0.19375 0.10078125
62 0.4859375 0.4609375 0.1375 0.04375