67 0.5328125 0.57109375 0.11015625 0.1328125
15 0.371875 0.59609375 0.171875 0.096875
8 0.678125 0.615625 0.19375 0.07421875
51 0.67578125 0.8734375 0.140625 0.12890625
48 0.53515625 0.87421875 0.1421875 0.1140625
5 0.7921875 0.8796875 0.12890625 0.13359375
43 0.3578125 0.87890625 0.13984375 0.0828125
71 0.3984375 0.2 0.19609375 0.08125
64 0.734375 0.20625 0.24921875 0.0875
33 0.54296875 0.215625 0.171875 0.06171875
55 0.72109375 0.453125 0.1203125 0.05703125
18 0.62890625 0.46015625 0.1453125 0.0625
34 0.396875 0.4609375 0.18828125 0.05859375