12 0.6171875 0.471875 0.1515625 0.0453125
29 0.4109375 0.56171875 0.1703125 0.1125
19 0.76171875 0.6 0.1984375 0.0953125
48 0.37578125 0.6109375 0.1765625 0.1015625
16 0.55546875 0.61328125 0.225 0.075
8 0.790625 0.87578125 0.1703125 0.125
36 0.41953125 0.91015625 0.1828125 0.0921875
23 0.640625 0.9140625 0.0890625 0.08125
66 0.35546875 0.20390625 0.1359375 0.0890625
18 0.5875 0.2109375 0.1015625 0.053125
62 0.775 0.22578125 0.1265625 0.025
31 0.67109375 0.4375 0.1046875 0.034375
71 0.55546875 0.4421875 0.15 0.078125
43 0.73046875 0.453125 0.203125 0.05625
9 0.384375 0.46484375 0.19375 0.0578125