51 0.59453125 0.5890625 0.1375 0.09609375
31 0.78046875 0.6078125 0.1171875 0.0625
23 0.4265625 0.6 0.08984375 0.07421875
43 0.76484375 0.88125 0.0890625 0.05703125
71 0.390625 0.878125 0.15703125 0.10546875
43 0.6734375 0.89609375 0.07265625 0.059375
12 0.5625 0.89765625 0.13828125 0.0765625
43 0.74375 0.93984375 0.07421875 0.0453125
67 0.3765625 0.17109375 0.14375 0.1484375
5 0.7796875 0.21953125 0.178125 0.071875
62 0.6109375 0.22890625 0.14609375 0.0375
8 0.75625 0.45703125 0.159375 0.0734375
66 0.609375 0.45390625 0.17421875 0.0859375
18 0.4328125 0.4546875 0.14375 0.065625