62 0.33828125 0.46484375 0.140625 0.0375
67 0.73828125 0.57109375 0.1109375 0.1328125
48 0.44765625 0.58984375 0.15 0.0953125
29 0.33984375 0.5875 0.115625 0.1359375
71 0.60390625 0.609375 0.1671875 0.096875
15 0.68203125 0.83125 0.153125 0.1
9 0.37265625 0.8859375 0.1875 0.1
64 0.5375 0.89296875 0.26875 0.14375
16 0.74453125 0.9015625 0.215625 0.1140625
67 0.59375 0.184375 0.1140625 0.121875
19 0.7453125 0.2015625 0.2203125 0.0859375
66 0.37265625 0.2046875 0.1625 0.0859375
23 0.396875 0.44609375 0.0734375 0.0625
55 0.73671875 0.45390625 0.15625 0.065625
68 0.51796875 0.45 0.2109375 0.0703125