12 0.4671875 0.46875 0.134375 0.0484375
16 0.61953125 0.4796875 0.1140625 0.0390625
29 0.440625 0.54296875 0.1484375 0.1078125
15 0.5859375 0.578125 0.175 0.0890625
23 0.759375 0.60390625 0.0921875 0.06875
19 0.4390625 0.60625 0.296875 0.1171875
34 0.7078125 0.63046875 0.240625 0.0640625
47 0.7390625 0.8390625 0.0921875 0.1515625
55 0.38671875 0.83828125 0.153125 0.0734375
47 0.7890625 0.8671875 0.1140625 0.1765625
68 0.5296875 0.85625 0.1375 0.0796875
67 0.653125 0.8734375 0.115625 0.14375
36 0.365625 0.90546875 0.2015625 0.096875
8 0.753125 0.9328125 0.20625 0.13125
9 0.5125 0.9328125 0.121875 0.084375
43 0.3421875 0.9640625 0.0609375 0.0375
64 0.365625 0.1453125 0.19375 0.1953125
67 0.7953125 0.19609375 0.1046875 0.1453125
37 0.84921875 0.20625 0.0703125 0.1296875
51 0.68203125 0.203125 0.1390625 0.0921875
71 0.50703125 0.2125 0.1890625 0.075
33 0.78984375 0.4375 0.1734375 0.1609375
66 0.56875 0.4375 0.1171875 0.0765625
5 0.40859375 0.4375 0.171875 0.075
16 0.74609375 0.471875 0.14375 0.071875
31 0.34140625 0.4546875 0.1 0.0609375