18 0.5203125 0.6 0.146875 0.06875
26 0.72734375 0.61171875 0.1265625 0.059375
47 0.36875 0.59296875 0.10703125 0.0984375
64 0.42265625 0.79921875 0.24375 0.1546875
62 0.72578125 0.86875 0.1328125 0.075
9 0.55234375 0.88984375 0.221875 0.1203125
55 0.35390625 0.88671875 0.1390625 0.0890625
71 0.63828125 0.21875 0.171875 0.06953125
12 0.8046875 0.2375 0.15859375 0.05078125
16 0.43828125 0.221875 0.2421875 0.04453125
67 0.71328125 0.4546875 0.2015625 0.08984375
34 0.475 0.4578125 0.29296875 0.07109375