66 0.39921875 0.596875 0.13125 0.084375
68 0.78359375 0.59296875 0.178125 0.078125
48 0.56015625 0.6015625 0.1609375 0.07890625
13 0.41484375 0.871875 0.15 0.08828125
51 0.61015625 0.88125 0.203125 0.109375
20 0.77890625 0.8828125 0.20625 0.10859375
29 0.4421875 0.18203125 0.12265625 0.128125
23 0.36015625 0.215625 0.084375 0.0625
33 0.60546875 0.21484375 0.15 0.071875
5 0.7796875 0.2125 0.11015625 0.065625
47 0.78046875 0.39140625 0.0953125 0.1515625
18 0.61484375 0.4484375 0.13125 0.05625
26 0.38515625 0.4640625 0.121875 0.06875