16 0.621875 0.46953125 0.109375 0.0390625
29 0.44921875 0.55078125 0.14375 0.115625
15 0.59296875 0.57578125 0.16875 0.0921875
23 0.7671875 0.5859375 0.07890625 0.065625
19 0.44140625 0.60859375 0.2875 0.109375
12 0.6984375 0.60625 0.14609375 0.05078125
47 0.77109375 0.81328125 0.10625 0.1484375
67 0.665625 0.834375 0.10625 0.13125
55 0.4109375 0.84765625 0.16015625 0.0671875
47 0.81875 0.8421875 0.1125 0.17734375
8 0.7796875 0.909375 0.184375 0.14296875
68 0.38828125 0.9296875 0.19375 0.11875
9 0.56171875 0.92578125 0.1375 0.075
64 0.34140625 0.16171875 0.19375 0.190625
67 0.76953125 0.1734375 0.09375 0.12734375
37 0.821875 0.17734375 0.071875 0.109375
51 0.66328125 0.19140625 0.1484375 0.103125
71 0.4828125 0.215625 0.16640625 0.06875
33 0.77421875 0.41484375 0.1671875 0.15
66 0.565625 0.43671875 0.11796875 0.08125
5 0.403125 0.4484375 0.18125 0.06640625
16 0.74765625 0.45 0.1421875 0.06953125
31 0.33671875 0.46796875 0.0953125 0.0625