37 0.46640625 0.56875 0.05625 0.121875
19 0.75 0.60390625 0.20546875 0.1
12 0.37265625 0.62421875 0.140625 0.05
64 0.78828125 0.8546875 0.153125 0.221875
33 0.5140625 0.875 0.196875 0.103125
36 0.41015625 0.90234375 0.209375 0.078125
66 0.37109375 0.203125 0.1640625 0.08671875
18 0.58125 0.2125 0.08046875 0.046875
31 0.7140625 0.2171875 0.09375 0.053125
43 0.79765625 0.22265625 0.153125 0.034375
15 0.40078125 0.42265625 0.178125 0.065625
71 0.565625 0.446875 0.140625 0.06875
55 0.75 0.45625 0.175 0.065625
68 0.40703125 0.46015625 0.284375 0.078125