51 0.36953125 0.58125 0.1453125 0.109375
23 0.5359375 0.6015625 0.07734375 0.0625
33 0.72265625 0.6046875 0.2484375 0.10625
48 0.57265625 0.85078125 0.1921875 0.0921875
5 0.7265625 0.87421875 0.17265625 0.10625
55 0.4 0.8734375 0.146875 0.10234375
8 0.55625 0.91953125 0.22578125 0.078125
16 0.39140625 0.21953125 0.21875 0.0671875
12 0.58125 0.2234375 0.1375 0.04140625
66 0.365625 0.45234375 0.13828125 0.084375
71 0.56640625 0.45703125 0.21875 0.0796875
43 0.75078125 0.46796875 0.1859375 0.0546875