51 0.559375 0.46484375 0.08828125 0.0546875
29 0.4125 0.56796875 0.16796875 0.134375
66 0.36484375 0.60703125 0.1484375 0.103125
19 0.76796875 0.59765625 0.1984375 0.0921875
16 0.55625 0.61171875 0.21953125 0.075
8 0.80078125 0.8640625 0.1796875 0.12890625
36 0.42109375 0.90703125 0.1921875 0.0890625
23 0.64765625 0.9140625 0.0890625 0.07890625
37 0.6421875 0.17734375 0.075 0.1171875
15 0.37421875 0.2015625 0.2140625 0.08359375
18 0.58671875 0.21171875 0.109375 0.0546875
12 0.75078125 0.21875 0.1390625 0.034375
71 0.553125 0.44375 0.146875 0.07421875
68 0.71875 0.45078125 0.24375 0.0828125
9 0.3765625 0.46640625 0.19375 0.0609375