33 0.6390625 0.5578125 0.25 0.08359375
64 0.62421875 0.5953125 0.2484375 0.103125
62 0.3109375 0.59375 0.12734375 0.04453125
51 0.2765625 0.86328125 0.125 0.1
12 0.43671875 0.87421875 0.1609375 0.0625
37 0.44765625 0.19375 0.05625 0.103125
66 0.29609375 0.1984375 0.165625 0.08125
71 0.55625 0.21171875 0.16328125 0.0765625
8 0.68046875 0.2234375 0.1375 0.0625
29 0.3015625 0.42734375 0.10859375 0.103125
48 0.43671875 0.43828125 0.1359375 0.0875
15 0.6890625 0.4515625 0.20625 0.10390625
23 0.534375 0.4609375 0.08125 0.065625