19 0.7328125 0.5765625 0.2125 0.0984375
18 0.37890625 0.6078125 0.1203125 0.071875
55 0.55546875 0.5984375 0.1625 0.09375
29 0.61328125 0.8453125 0.1625 0.096875
5 0.7515625 0.84921875 0.175 0.1140625
67 0.42578125 0.86796875 0.1203125 0.1484375
8 0.565625 0.9078125 0.221875 0.09375
47 0.7125 0.15703125 0.0984375 0.1609375
16 0.375 0.22578125 0.215625 0.059375
12 0.559375 0.21875 0.1390625 0.046875
66 0.35703125 0.46328125 0.15 0.0953125
71 0.5640625 0.453125 0.215625 0.0828125
43 0.74453125 0.4515625 0.1859375 0.0609375