19 0.4359375 0.590625 0.190625 0.078125
20 0.7875 0.60625 0.165625 0.05
13 0.63125 0.61171875 0.153125 0.0640625
33 0.64765625 0.83515625 0.184375 0.10625
29 0.49375 0.8375 0.10078125 0.125
71 0.7828125 0.9140625 0.15234375 0.071875
55 0.79375 0.21796875 0.153125 0.05625
26 0.44296875 0.221875 0.1484375 0.046875
62 0.66640625 0.2265625 0.15 0.034375
47 0.73671875 0.396875 0.103125 0.15
51 0.79296875 0.43828125 0.153125 0.09375
34 0.45 0.45546875 0.196875 0.05
43 0.6484375 0.45859375 0.12890625 0.0484375