29 0.35234375 0.578125 0.090625 0.11796875
66 0.5078125 0.5953125 0.12890625 0.08359375
21 0.74609375 0.61328125 0.1234375 0.0484375
67 0.5515625 0.83046875 0.10625 0.1390625
71 0.68828125 0.86328125 0.175 0.078125
67 0.39453125 0.865625 0.1171875 0.134375
5 0.42421875 0.209375 0.2015625 0.06796875
33 0.628125 0.2203125 0.20078125 0.05390625
43 0.784375 0.228125 0.128125 0.040625
13 0.584375 0.45546875 0.15 0.0640625
34 0.396875 0.4546875 0.178125 0.06640625
16 0.73828125 0.46484375 0.1578125 0.0625