29 0.5890625 0.58515625 0.178125 0.096875
71 0.728125 0.590625 0.13828125 0.08046875
64 0.4046875 0.60546875 0.265625 0.084375
9 0.378125 0.88671875 0.18203125 0.09375
62 0.5375 0.88984375 0.121875 0.0609375
18 0.74765625 0.89140625 0.1109375 0.0734375
67 0.3390625 0.17578125 0.115625 0.1359375
67 0.59375 0.184375 0.1125 0.121875
15 0.7375 0.2078125 0.16875 0.071875
5 0.46171875 0.21875 0.16875 0.059375
48 0.70546875 0.434375 0.196875 0.08125
19 0.3609375 0.44609375 0.1875 0.084375
23 0.753125 0.4625 0.078125 0.0625
16 0.53203125 0.46484375 0.18125 0.059375