23 0.65078125 0.57734375 0.0734375 0.0609375
33 0.53046875 0.6 0.21875 0.08203125
21 0.7453125 0.61484375 0.12265625 0.05
67 0.55390625 0.83203125 0.10625 0.1375
71 0.696875 0.8640625 0.178125 0.090625
29 0.3875 0.88046875 0.153125 0.1171875
67 0.5265625 0.178125 0.125 0.140625
66 0.8046875 0.2140625 0.14140625 0.06484375
16 0.37421875 0.21484375 0.11875 0.0515625
43 0.65859375 0.22421875 0.14375 0.05
5 0.40625 0.446875 0.18671875 0.07421875
13 0.76875 0.4578125 0.140625 0.059375
34 0.596875 0.4625 0.18828125 0.05625