66 0.38515625 0.578125 0.1375 0.08125
19 0.753125 0.60390625 0.1875 0.09375
16 0.546875 0.61484375 0.228125 0.071875
34 0.73125 0.90234375 0.1875 0.103125
36 0.40390625 0.909375 0.175 0.078125
18 0.5859375 0.2109375 0.08125 0.05
55 0.39375 0.215625 0.16875 0.0546875
31 0.71640625 0.2171875 0.1015625 0.05625
43 0.80234375 0.221875 0.14375 0.04375
15 0.40234375 0.41796875 0.1625 0.05625
37 0.75 0.42890625 0.059375 0.11875
71 0.56796875 0.44453125 0.1390625 0.075
68 0.41015625 0.459375 0.2765625 0.075