16 0.62734375 0.46796875 0.109375 0.0421875
15 0.6296875 0.55 0.159375 0.053125
66 0.4015625 0.57578125 0.1296875 0.065625
23 0.77421875 0.5796875 0.078125 0.0609375
48 0.65546875 0.59296875 0.2140625 0.1
31 0.82578125 0.61484375 0.125 0.0640625
62 0.425 0.6328125 0.153125 0.0390625
47 0.6953125 0.81953125 0.1 0.171875
12 0.54296875 0.83203125 0.109375 0.0625
67 0.79140625 0.82734375 0.103125 0.125
55 0.4171875 0.85390625 0.16875 0.1
8 0.58046875 0.87578125 0.1953125 0.0984375
43 0.375 0.9359375 0.1421875 0.0875
9 0.76875 0.925 0.159375 0.0796875
36 0.5546875 0.94609375 0.2 0.078125
64 0.32578125 0.1640625 0.1875 0.18125
67 0.77421875 0.16796875 0.10625 0.1265625
51 0.65546875 0.17578125 0.115625 0.0546875
37 0.81953125 0.1765625 0.075 0.115625
68 0.64921875 0.2046875 0.265625 0.0875
71 0.47109375 0.21640625 0.1578125 0.0578125
29 0.5125 0.41484375 0.1390625 0.1359375
33 0.77421875 0.41171875 0.1765625 0.14375
29 0.64609375 0.41953125 0.1546875 0.1046875
5 0.3953125 0.4484375 0.1625 0.059375
18 0.421875 0.45703125 0.14375 0.065625
16 0.7453125 0.45234375 0.1328125 0.075