21 0.4171875 0.47578125 0.240625 0.034375
68 0.76484375 0.59921875 0.184375 0.0984375
48 0.59453125 0.6 0.1421875 0.078125
18 0.4234375 0.60390625 0.13359375 0.0609375
33 0.76796875 0.8609375 0.1515625 0.15234375
66 0.5421875 0.8609375 0.15859375 0.096875
13 0.4015625 0.86875 0.12890625 0.08671875
29 0.8015625 0.196875 0.16484375 0.10703125
62 0.64765625 0.2328125 0.178125 0.02890625
37 0.74921875 0.42421875 0.0640625 0.1015625
55 0.45859375 0.4375 0.1859375 0.06953125
23 0.58203125 0.45078125 0.0796875 0.075
64 0.70234375 0.45703125 0.3015625 0.0703125