29 0.478125 0.55859375 0.134375 0.1125
48 0.4046875 0.59765625 0.16015625 0.10625
16 0.76875 0.62578125 0.17421875 0.078125
62 0.5671875 0.625 0.12265625 0.046875
66 0.49375 0.8640625 0.165625 0.10390625
43 0.346875 0.87890625 0.121875 0.0828125
9 0.7453125 0.890625 0.20859375 0.1
29 0.80546875 0.19921875 0.1203125 0.1078125
33 0.41328125 0.21328125 0.2515625 0.0609375
47 0.6 0.39609375 0.11171875 0.14375
64 0.42109375 0.4421875 0.2359375 0.0875
71 0.56796875 0.4625 0.190625 0.06796875
34 0.753125 0.46796875 0.19375 0.0609375