29 0.48125 0.5640625 0.13203125 0.13359375
55 0.6 0.6015625 0.19453125 0.084375
12 0.36953125 0.6203125 0.1359375 0.06484375
16 0.77421875 0.61015625 0.1859375 0.0796875
47 0.78125 0.8328125 0.11171875 0.17265625
51 0.65234375 0.85703125 0.1453125 0.1265625
8 0.521875 0.87734375 0.19921875 0.115625
43 0.378125 0.88828125 0.14453125 0.0921875
29 0.79296875 0.1796875 0.115625 0.10859375
33 0.3984375 0.21796875 0.26015625 0.0703125
64 0.421875 0.44296875 0.246875 0.0921875
71 0.56640625 0.4578125 0.1921875 0.071875
34 0.75234375 0.45390625 0.1953125 0.065625