23 0.6546875 0.56953125 0.075 0.0625
33 0.53515625 0.59765625 0.2203125 0.0859375
21 0.7515625 0.6015625 0.1234375 0.0515625
67 0.57109375 0.82890625 0.1078125 0.1390625
71 0.715625 0.85390625 0.1796875 0.09375
29 0.4078125 0.88515625 0.1546875 0.1203125
67 0.51015625 0.1765625 0.1265625 0.14375
66 0.78984375 0.1984375 0.14375 0.065625
16 0.359375 0.221875 0.11875 0.053125
43 0.64375 0.21640625 0.14375 0.0515625
5 0.40390625 0.4515625 0.1859375 0.0765625
13 0.76640625 0.44375 0.1421875 0.0609375
34 0.59453125 0.4578125 0.190625 0.059375