8 0.43125 0.596875 0.1875 0.11171875
19 0.75546875 0.58984375 0.2125 0.10625
71 0.5640625 0.6046875 0.15390625 0.09609375
55 0.50390625 0.8640625 0.1484375 0.07265625
15 0.38515625 0.90546875 0.178125 0.115625
64 0.359375 0.19140625 0.265625 0.134375
31 0.678125 0.20625 0.109375 0.06171875
43 0.78203125 0.2078125 0.14375 0.04765625
62 0.55859375 0.225 0.134375 0.0375
37 0.35078125 0.4265625 0.0671875 0.10625
66 0.578125 0.4390625 0.14375 0.0875
5 0.71640625 0.4421875 0.153125 0.08359375
18 0.40703125 0.459375 0.128125 0.0625