19 0.4328125 0.58828125 0.19375 0.084375
20 0.78359375 0.61640625 0.1671875 0.0546875
33 0.6359375 0.83984375 0.1875 0.1140625
29 0.49140625 0.8640625 0.134375 0.13125
13 0.378125 0.88046875 0.14453125 0.0921875
43 0.7578125 0.91484375 0.09140625 0.078125
43 0.59609375 0.91328125 0.06875 0.046875
55 0.546875 0.21328125 0.19453125 0.0640625
26 0.38984375 0.21171875 0.1171875 0.0515625
62 0.80078125 0.2375 0.1765625 0.03828125
47 0.73984375 0.40546875 0.1078125 0.153125
51 0.7953125 0.4484375 0.15859375 0.1
71 0.5984375 0.44765625 0.15390625 0.071875
34 0.43203125 0.453125 0.1984375 0.05625