12 0.7125 0.471875 0.12421875 0.04375
29 0.4140625 0.5625 0.15625 0.11953125
19 0.75546875 0.6078125 0.203125 0.09765625
16 0.5546875 0.61328125 0.22734375 0.08125
8 0.78359375 0.88046875 0.178125 0.1125
36 0.39609375 0.9046875 0.1828125 0.078125
23 0.6265625 0.92109375 0.09765625 0.0890625
55 0.41484375 0.20703125 0.1671875 0.05625
18 0.590625 0.2140625 0.08203125 0.053125
31 0.72109375 0.22578125 0.1171875 0.0609375
43 0.8078125 0.2328125 0.1375 0.046875
64 0.4078125 0.40703125 0.25625 0.175
71 0.5703125 0.44609375 0.14140625 0.08125