33 0.728125 0.46015625 0.309375 0.071875
51 0.7109375 0.56796875 0.14609375 0.0890625
9 0.3796875 0.6140625 0.13515625 0.053125
62 0.58203125 0.625 0.16875 0.0625
71 0.4171875 0.88828125 0.15859375 0.1046875
19 0.7625 0.87734375 0.20078125 0.1234375
18 0.5859375 0.88359375 0.103125 0.0859375
15 0.74921875 0.196875 0.1765625 0.07421875
64 0.59765625 0.20234375 0.3109375 0.0796875
12 0.36328125 0.22734375 0.146875 0.0515625
66 0.50390625 0.4421875 0.1578125 0.08515625
48 0.359375 0.45234375 0.16953125 0.0890625