67 0.765625 0.5796875 0.11875 0.13984375
48 0.41171875 0.57890625 0.1484375 0.0953125
15 0.58515625 0.590625 0.165625 0.1
47 0.646875 0.81484375 0.103125 0.1453125
23 0.3375 0.86171875 0.075 0.071875
37 0.35625 0.884375 0.06328125 0.11171875
19 0.625 0.9296875 0.23046875 0.13125
18 0.73515625 0.221875 0.09375 0.05625
12 0.52421875 0.22421875 0.146875 0.0421875
29 0.39609375 0.4171875 0.171875 0.14609375
66 0.55390625 0.45 0.140625 0.08671875
68 0.79375 0.4671875 0.11953125 0.07734375
68 0.6828125 0.4640625 0.07734375 0.059375