33 0.65078125 0.54765625 0.2640625 0.0890625
48 0.3640625 0.58984375 0.21875 0.0921875
64 0.63359375 0.59375 0.2375 0.09375
51 0.29375 0.87421875 0.13046875 0.1015625
12 0.4546875 0.87890625 0.14375 0.0734375
34 0.68671875 0.875 0.2015625 0.10625
37 0.43203125 0.19375 0.0671875 0.10546875
66 0.28046875 0.20546875 0.1640625 0.0734375
71 0.53671875 0.209375 0.1640625 0.08046875
8 0.678125 0.2125 0.11953125 0.05625
19 0.315625 0.41875 0.2125 0.084375
15 0.68828125 0.4421875 0.1921875 0.09765625
62 0.48203125 0.45859375 0.134375 0.040625