67 0.74921875 0.5734375 0.115625 0.1359375
29 0.33046875 0.58046875 0.1375 0.1265625
64 0.52421875 0.603125 0.31875 0.1171875
47 0.63359375 0.82109375 0.103125 0.1625
37 0.31796875 0.83671875 0.0578125 0.1
18 0.5890625 0.91640625 0.1515625 0.0953125
29 0.33984375 0.159375 0.1859375 0.15
15 0.503125 0.203125 0.2046875 0.0828125
5 0.62734375 0.215625 0.2796875 0.0765625
71 0.79375 0.23046875 0.09375 0.053125
66 0.3890625 0.44765625 0.1375 0.0875
43 0.69921875 0.4625 0.203125 0.0515625
16 0.5421875 0.46015625 0.2 0.0734375