15 0.62265625 0.55703125 0.1546875 0.0546875
66 0.4046875 0.5765625 0.1390625 0.0609375
67 0.7875 0.58671875 0.1203125 0.1390625
48 0.63828125 0.6 0.2 0.1015625
12 0.42890625 0.62578125 0.15 0.059375
47 0.66640625 0.8234375 0.0875 0.159375
47 0.7515625 0.82578125 0.0890625 0.1671875
33 0.3953125 0.85703125 0.1859375 0.1140625
62 0.5515625 0.86171875 0.1125 0.0484375
19 0.76328125 0.934375 0.2078125 0.1296875
55 0.54140625 0.9328125 0.1625 0.109375
8 0.36015625 0.940625 0.1890625 0.09375
64 0.37734375 0.17421875 0.2640625 0.1390625
51 0.79765625 0.203125 0.1359375 0.090625
71 0.65703125 0.21640625 0.15625 0.0640625
16 0.4734375 0.215625 0.2109375 0.05625
5 0.40546875 0.4453125 0.1765625 0.0734375
18 0.721875 0.45859375 0.1515625 0.0609375
31 0.60234375 0.4640625 0.1 0.059375