16 0.3453125 0.465625 0.184375 0.065625
51 0.50703125 0.58671875 0.1328125 0.1
15 0.7265625 0.596875 0.178125 0.1015625
43 0.71015625 0.8765625 0.05625 0.0421875
5 0.59921875 0.88359375 0.1078125 0.10625
71 0.3984375 0.88125 0.1859375 0.084375
43 0.796875 0.88984375 0.0875 0.0796875
5 0.73984375 0.91328125 0.09375 0.065625
19 0.771875 0.2078125 0.215625 0.0875
12 0.35703125 0.221875 0.1359375 0.0421875
62 0.51484375 0.2296875 0.1421875 0.0375
66 0.378125 0.434375 0.121875 0.075
18 0.515625 0.4515625 0.109375 0.0578125
31 0.6875 0.45625 0.109375 0.059375
23 0.79140625 0.46171875 0.0796875 0.0671875