5 0.40234375 0.596875 0.184375 0.0765625
13 0.5421875 0.61171875 0.1859375 0.0765625
21 0.74375 0.61171875 0.128125 0.0546875
18 0.4125 0.87578125 0.1390625 0.0625
66 0.603125 0.871875 0.1234375 0.084375
20 0.78125 0.89609375 0.2140625 0.1125
67 0.76953125 0.16640625 0.11875 0.140625
71 0.4921875 0.21171875 0.2171875 0.0703125
26 0.3453125 0.22109375 0.1171875 0.05
64 0.3875 0.4171875 0.19375 0.153125
37 0.53046875 0.4203125 0.06875 0.1046875
51 0.75703125 0.42109375 0.184375 0.1078125
68 0.5890625 0.44375 0.2234375 0.0828125