51 0.36953125 0.59140625 0.1453125 0.1
15 0.51875 0.59140625 0.178125 0.1
18 0.6921875 0.59453125 0.14375 0.0640625
8 0.375 0.8796875 0.16875 0.090625
43 0.7875 0.871875 0.153125 0.0828125
16 0.51640625 0.88984375 0.125 0.096875
16 0.67421875 0.89140625 0.0859375 0.08125
19 0.74921875 0.19453125 0.221875 0.0859375
12 0.340625 0.2296875 0.1296875 0.040625
62 0.50390625 0.2265625 0.1359375 0.0328125
66 0.36875 0.44140625 0.1390625 0.090625
31 0.6765625 0.44765625 0.109375 0.0640625
23 0.78515625 0.4453125 0.08125 0.06875
55 0.52109375 0.4625 0.1703125 0.071875