5 0.40078125 0.5953125 0.184375 0.0734375
13 0.540625 0.6125 0.1859375 0.0734375
21 0.7421875 0.61640625 0.128125 0.0515625
18 0.40546875 0.87421875 0.1390625 0.059375
66 0.59609375 0.8734375 0.121875 0.08125
20 0.77421875 0.90078125 0.2125 0.1078125
67 0.77578125 0.17109375 0.1171875 0.1375
71 0.49765625 0.21171875 0.215625 0.0671875
26 0.35078125 0.21796875 0.1171875 0.0484375
64 0.3890625 0.41484375 0.1921875 0.15
37 0.53203125 0.4203125 0.0671875 0.1046875
51 0.7578125 0.42578125 0.1828125 0.10625
68 0.58984375 0.4453125 0.221875 0.078125