62 0.37265625 0.4734375 0.1421875 0.04140625
51 0.36875 0.5859375 0.153125 0.11015625
31 0.74453125 0.61015625 0.109375 0.0640625
34 0.55234375 0.6171875 0.1921875 0.07265625
48 0.5828125 0.8578125 0.20234375 0.090625
29 0.58671875 0.8765625 0.165625 0.15859375
23 0.7171875 0.89296875 0.07734375 0.0734375
33 0.37578125 0.92265625 0.20625 0.1265625
67 0.36796875 0.1796875 0.1078125 0.128125
66 0.75859375 0.20546875 0.1375 0.0703125
8 0.58046875 0.21171875 0.1890625 0.0578125
47 0.571875 0.4015625 0.09921875 0.165625
12 0.7625 0.45546875 0.15625 0.0515625