51 0.36484375 0.58203125 0.1453125 0.1
15 0.51953125 0.5921875 0.1703125 0.103125
18 0.69375 0.609375 0.14375 0.0640625
43 0.76171875 0.890625 0.1484375 0.084375
71 0.38359375 0.8828125 0.1703125 0.0890625
16 0.50625 0.8890625 0.10625 0.0953125
16 0.6515625 0.90390625 0.0875 0.08125
19 0.7765625 0.21328125 0.225 0.090625
12 0.36328125 0.2203125 0.1296875 0.0421875
62 0.52265625 0.23046875 0.13125 0.0390625
66 0.37421875 0.43828125 0.1546875 0.0953125
31 0.6859375 0.46015625 0.103125 0.059375
23 0.79296875 0.46484375 0.078125 0.06875
55 0.540625 0.46171875 0.1703125 0.0734375