15 0.58671875 0.5796875 0.1796875 0.1
36 0.3203125 0.57109375 0.065625 0.1484375
8 0.434375 0.58203125 0.1859375 0.075
48 0.759375 0.609375 0.1671875 0.1015625
12 0.42734375 0.6234375 0.1359375 0.059375
47 0.6609375 0.82421875 0.1046875 0.159375
47 0.75546875 0.83046875 0.0921875 0.1609375
33 0.39296875 0.86328125 0.2015625 0.115625
62 0.55625 0.875 0.1140625 0.0703125
5 0.73046875 0.9 0.1984375 0.0921875
51 0.8015625 0.20625 0.1421875 0.0953125
16 0.66875 0.225 0.1671875 0.0578125
19 0.421875 0.44921875 0.278125 0.096875
18 0.69140625 0.46484375 0.109375 0.0625