29 0.478125 0.5609375 0.115625 0.12890625
8 0.3703125 0.61171875 0.16015625 0.0921875
16 0.77578125 0.61015625 0.1828125 0.0765625
66 0.51484375 0.86484375 0.1671875 0.1
43 0.3640625 0.88515625 0.125 0.0828125
9 0.765625 0.87578125 0.21171875 0.103125
29 0.80234375 0.18046875 0.128125 0.1078125
33 0.40390625 0.21875 0.253125 0.06328125
47 0.58828125 0.3921875 0.10625 0.153125
64 0.4125 0.44609375 0.2375 0.0921875
71 0.56953125 0.46015625 0.1953125 0.078125
34 0.7515625 0.45390625 0.19375 0.0640625