29 0.4109375 0.5578125 0.15390625 0.12109375
19 0.75390625 0.6 0.1984375 0.09375
48 0.36875 0.609375 0.184375 0.1
16 0.55234375 0.61328125 0.221875 0.08125
8 0.790625 0.871875 0.18046875 0.12578125
36 0.4203125 0.9078125 0.18515625 0.09375
23 0.640625 0.9125 0.084375 0.07421875
66 0.3546875 0.20390625 0.1625 0.0859375
18 0.584375 0.209375 0.10703125 0.053125
62 0.7703125 0.228125 0.13515625 0.028125
71 0.540625 0.44375 0.13203125 0.08046875
15 0.6453125 0.45 0.165625 0.08671875
43 0.75703125 0.45 0.1640625 0.05
9 0.3765625 0.46796875 0.18984375 0.059375