62 0.375 0.4671875 0.159375 0.046875
51 0.36796875 0.5796875 0.1390625 0.10390625
43 0.734375 0.58984375 0.065625 0.0375
34 0.5546875 0.6203125 0.20390625 0.08125
48 0.56875 0.85390625 0.18203125 0.090625
29 0.58359375 0.8796875 0.140625 0.153125
23 0.38203125 0.91484375 0.0796875 0.0859375
31 0.72578125 0.9203125 0.109375 0.075
67 0.365625 0.175 0.1 0.1375
66 0.7609375 0.209375 0.13515625 0.06796875
33 0.59140625 0.21484375 0.3390625 0.059375
47 0.565625 0.40703125 0.125 0.1859375
12 0.7671875 0.4609375 0.15859375 0.05390625