55 0.5078125 0.59140625 0.24765625 0.075
23 0.34609375 0.5984375 0.0796875 0.06640625
16 0.73515625 0.63203125 0.234375 0.0765625
47 0.6046875 0.8234375 0.09609375 0.15625
47 0.6140625 0.85078125 0.10234375 0.1640625
66 0.46640625 0.86640625 0.1640625 0.103125
43 0.33515625 0.87421875 0.1234375 0.0859375
67 0.39765625 0.16953125 0.1109375 0.1375
29 0.80859375 0.2046875 0.1203125 0.11640625
71 0.55 0.2171875 0.178125 0.07109375
64 0.41640625 0.44140625 0.2796875 0.1
9 0.6921875 0.471875 0.19609375 0.06171875