18 0.54296875 0.59609375 0.128125 0.06875
13 0.7515625 0.6109375 0.15234375 0.06875
16 0.36171875 0.6140625 0.1359375 0.059375
66 0.55 0.86875 0.134375 0.08203125
68 0.77890625 0.884375 0.165625 0.12578125
5 0.39375 0.8828125 0.178125 0.09609375
47 0.65234375 0.1671875 0.109375 0.16015625
15 0.81484375 0.20390625 0.2 0.0953125
23 0.4734375 0.21875 0.07734375 0.05
12 0.375 0.21796875 0.128125 0.04375
67 0.39375 0.41171875 0.12421875 0.1375
64 0.59375 0.4234375 0.28828125 0.096875
34 0.7484375 0.46640625 0.29375 0.0546875