21 0.65078125 0.47578125 0.1140625 0.0390625
29 0.415625 0.56328125 0.125 0.1203125
66 0.5453125 0.58125 0.1515625 0.0671875
20 0.7203125 0.62265625 0.221875 0.0546875
67 0.653125 0.82890625 0.10625 0.128125
33 0.765625 0.90859375 0.221875 0.115625
16 0.40625 0.9078125 0.2125 0.0734375
15 0.60703125 0.20546875 0.1875 0.0921875
55 0.771875 0.2171875 0.1546875 0.071875
26 0.46953125 0.21328125 0.1296875 0.053125
47 0.3765625 0.43515625 0.128125 0.0796875
48 0.77734375 0.45859375 0.159375 0.0734375
62 0.51875 0.46328125 0.1515625 0.046875