8 0.421875 0.5890625 0.1875 0.11015625
19 0.7453125 0.61640625 0.2125 0.10625
71 0.553125 0.6109375 0.15546875 0.09609375
55 0.46640625 0.8625 0.1484375 0.07421875
15 0.34296875 0.89140625 0.178125 0.115625
64 0.3921875 0.178125 0.265625 0.134375
31 0.7078125 0.22578125 0.109375 0.0609375
43 0.8109375 0.23828125 0.14375 0.0484375
62 0.58671875 0.23203125 0.134375 0.0375
37 0.359375 0.4109375 0.06796875 0.10625
66 0.584375 0.44765625 0.14375 0.0875
5 0.72109375 0.465625 0.153125 0.08203125
18 0.41171875 0.45 0.128125 0.0625