12 0.809375 0.4578125 0.1375 0.059375
26 0.7390625 0.590625 0.128125 0.059375
18 0.5375 0.5984375 0.13203125 0.06640625
47 0.3875 0.60546875 0.096875 0.1
64 0.68984375 0.79921875 0.259375 0.115625
55 0.3921875 0.89375 0.14609375 0.090625
9 0.76171875 0.89375 0.2171875 0.1125
62 0.58203125 0.91015625 0.1640625 0.08125
71 0.68828125 0.21484375 0.1421875 0.05625
43 0.38984375 0.2265625 0.14375 0.04609375
16 0.54765625 0.22578125 0.2015625 0.0421875
67 0.396875 0.41640625 0.121875 0.128125
34 0.6234375 0.45703125 0.190625 0.059375