19 0.725 0.596875 0.21328125 0.09453125
55 0.5375 0.603125 0.16171875 0.07578125
62 0.39296875 0.603125 0.1203125 0.04921875
47 0.65 0.82265625 0.10078125 0.1640625
23 0.34375 0.86328125 0.075 0.0703125
67 0.56875 0.87890625 0.11796875 0.1515625
37 0.36171875 0.88671875 0.0625 0.1109375
18 0.73203125 0.21796875 0.0875 0.0546875
68 0.68515625 0.4515625 0.065625 0.04765625
68 0.7953125 0.4625 0.12109375 0.084375
66 0.3890625 0.44921875 0.140625 0.0828125
33 0.58046875 0.465625 0.2609375 0.07421875