15 0.6171875 0.58984375 0.16875 0.09375
71 0.76328125 0.59375 0.140625 0.0625
19 0.43359375 0.59609375 0.184375 0.1
67 0.80546875 0.82890625 0.096875 0.1375
29 0.3703125 0.846875 0.09375 0.11875
33 0.52578125 0.8671875 0.2078125 0.0921875
16 0.709375 0.87734375 0.125 0.1
55 0.78984375 0.21484375 0.14375 0.053125
62 0.63984375 0.22734375 0.15625 0.0328125
47 0.46328125 0.3984375 0.08125 0.15
51 0.79921875 0.4375 0.1625 0.1
26 0.41796875 0.45390625 0.1046875 0.05
13 0.57421875 0.45625 0.146875 0.0609375