29 0.409375 0.5546875 0.15546875 0.12109375
19 0.75078125 0.609375 0.1984375 0.09375
48 0.365625 0.6046875 0.184375 0.1
16 0.54765625 0.61484375 0.221875 0.08125
8 0.778125 0.88125 0.18046875 0.12578125
36 0.40625 0.9046875 0.18671875 0.09375
23 0.6265625 0.9171875 0.084375 0.07265625
66 0.365625 0.19921875 0.1625 0.0859375
18 0.59375 0.2125 0.10703125 0.053125
62 0.7796875 0.2375 0.13515625 0.028125
71 0.5421875 0.4453125 0.13359375 0.07890625
15 0.646875 0.4546875 0.165625 0.08515625
43 0.75859375 0.459375 0.1640625 0.05
9 0.378125 0.46328125 0.18828125 0.059375