8 0.425 0.58515625 0.146875 0.0875
19 0.75234375 0.6046875 0.2 0.09140625
71 0.56015625 0.60546875 0.1578125 0.0875
23 0.33671875 0.6203125 0.0765625 0.065625
55 0.6453125 0.86484375 0.14140625 0.09375
51 0.76796875 0.8671875 0.1375 0.128125
66 0.51015625 0.87109375 0.1421875 0.1
9 0.36953125 0.896875 0.1515625 0.10078125
18 0.57421875 0.21171875 0.0796875 0.05
31 0.7125 0.21875 0.1125 0.053125
43 0.79453125 0.22265625 0.13125 0.034375
37 0.74453125 0.40546875 0.05625 0.065625
15 0.38203125 0.44609375 0.203125 0.09375
33 0.778125 0.44921875 0.18828125 0.0875
16 0.61640625 0.4609375 0.196875 0.059375