48 0.4046875 0.59609375 0.14609375 0.0796875
68 0.76953125 0.59140625 0.178125 0.09375
18 0.5828125 0.5953125 0.13984375 0.065625
64 0.740625 0.81015625 0.21328125 0.165625
13 0.3640625 0.86640625 0.12265625 0.1234375
9 0.54140625 0.88203125 0.25625 0.1140625
71 0.6328125 0.203125 0.153125 0.078125
23 0.3515625 0.21484375 0.09609375 0.0703125
55 0.475 0.21328125 0.1625 0.06875
8 0.76640625 0.215625 0.184375 0.053125
37 0.7921875 0.428125 0.06640625 0.115625
26 0.63046875 0.45390625 0.159375 0.053125