51 0.56015625 0.46640625 0.0875 0.053125
29 0.4109375 0.56640625 0.16484375 0.13125
66 0.3625 0.6046875 0.146875 0.1
19 0.765625 0.60234375 0.196875 0.0890625
16 0.5546875 0.6125 0.22109375 0.071875
8 0.79453125 0.86875 0.1765625 0.12578125
36 0.4140625 0.90546875 0.190625 0.0859375
23 0.63984375 0.91640625 0.0875 0.078125
37 0.64765625 0.18046875 0.0734375 0.115625
15 0.37890625 0.2 0.2125 0.08046875
18 0.5921875 0.21328125 0.109375 0.053125
12 0.75546875 0.22265625 0.1375 0.0328125
71 0.55390625 0.44453125 0.146875 0.0703125
68 0.71953125 0.4546875 0.2421875 0.078125
9 0.37734375 0.46484375 0.19375 0.0578125