66 0.38359375 0.57578125 0.1390625 0.0828125
19 0.7515625 0.60859375 0.18984375 0.096875
16 0.54453125 0.615625 0.2296875 0.07578125
34 0.72421875 0.90625 0.190625 0.10703125
36 0.396875 0.9078125 0.17578125 0.07890625
18 0.590625 0.2125 0.08203125 0.05
55 0.3984375 0.2140625 0.17109375 0.05859375
31 0.72109375 0.22109375 0.103125 0.0578125
43 0.80703125 0.22734375 0.14375 0.046875
15 0.40390625 0.41640625 0.1640625 0.059375
37 0.7515625 0.43359375 0.06015625 0.11875
71 0.56875 0.44609375 0.140625 0.078125
68 0.4109375 0.4578125 0.278125 0.08125