19 0.54765625 0.5828125 0.253125 0.09140625
20 0.79140625 0.59609375 0.1671875 0.0546875
33 0.659375 0.8296875 0.1875 0.11484375
29 0.51640625 0.8640625 0.134375 0.13125
13 0.4046875 0.88828125 0.14609375 0.0921875
48 0.7171875 0.88671875 0.153125 0.08125
55 0.5265625 0.2109375 0.19609375 0.06484375
26 0.36953125 0.2203125 0.1171875 0.05234375
62 0.78203125 0.2171875 0.1765625 0.03984375
47 0.7328125 0.3890625 0.10859375 0.153125
71 0.41171875 0.45625 0.1546875 0.071875
18 0.8109375 0.44453125 0.13984375 0.0609375
34 0.5953125 0.4578125 0.19765625 0.05625