62 0.58828125 0.4640625 0.10625 0.04609375
43 0.41171875 0.47109375 0.2796875 0.059375
67 0.75390625 0.55625 0.1140625 0.13671875
29 0.33984375 0.58359375 0.1234375 0.128125
18 0.57109375 0.5953125 0.125 0.071875
47 0.65390625 0.81484375 0.1109375 0.1671875
37 0.3421875 0.8484375 0.05859375 0.103125
55 0.3828125 0.92734375 0.171875 0.1203125
29 0.32265625 0.17734375 0.175 0.1546875
66 0.48515625 0.2078125 0.1671875 0.07734375
71 0.72890625 0.2109375 0.209375 0.06875
15 0.73359375 0.43828125 0.175 0.090625