16 0.625 0.4703125 0.128125 0.0375
29 0.434375 0.540625 0.140625 0.065625
15 0.584375 0.565625 0.1546875 0.0671875
23 0.77265625 0.575 0.0765625 0.0375
19 0.65078125 0.603125 0.2484375 0.0953125
48 0.42109375 0.60859375 0.2296875 0.0953125
31 0.82578125 0.61875 0.1140625 0.0625
47 0.759375 0.821875 0.0984375 0.15
55 0.40703125 0.8515625 0.1359375 0.0890625
47 0.81171875 0.84609375 0.109375 0.175
36 0.559375 0.853125 0.140625 0.0609375
67 0.67734375 0.8625 0.1125 0.1375
8 0.7828125 0.9140625 0.1953125 0.125
34 0.53203125 0.921875 0.1671875 0.1390625
43 0.36953125 0.934375 0.1515625 0.09375
64 0.334375 0.1609375 0.178125 0.18125
67 0.7703125 0.171875 0.096875 0.1265625
51 0.66328125 0.1765625 0.1125 0.0484375
37 0.825 0.18125 0.06875 0.1125
68 0.65625 0.20234375 0.2609375 0.075
71 0.47734375 0.21796875 0.15 0.05625
33 0.78984375 0.41015625 0.159375 0.1515625
66 0.56953125 0.434375 0.134375 0.075
5 0.40546875 0.44375 0.1703125 0.0625
18 0.41953125 0.45546875 0.140625 0.0640625
16 0.74609375 0.45546875 0.125 0.0671875