12 0.471875 0.46796875 0.1375 0.0546875
16 0.61796875 0.46875 0.1078125 0.03828125
29 0.44140625 0.55078125 0.1453125 0.1109375
15 0.59140625 0.571875 0.171875 0.0875
23 0.771875 0.57734375 0.08203125 0.071875
19 0.45 0.60859375 0.28125 0.1171875
34 0.71328125 0.6140625 0.2421875 0.0625
47 0.77109375 0.81640625 0.103125 0.153125
55 0.41953125 0.85390625 0.15 0.0875
68 0.5609375 0.8515625 0.14609375 0.08125
47 0.81875 0.84296875 0.1125 0.171875
67 0.684375 0.85703125 0.11875 0.14375
8 0.78359375 0.90859375 0.2140625 0.128125
9 0.528125 0.93203125 0.13671875 0.0859375
43 0.3796875 0.9390625 0.153125 0.10625
64 0.3390625 0.1609375 0.18515625 0.1875
67 0.7671875 0.1671875 0.09765625 0.12890625
37 0.81796875 0.17890625 0.0671875 0.1125
51 0.6625 0.1890625 0.13671875 0.09140625
71 0.47734375 0.215625 0.1703125 0.06796875
33 0.78046875 0.415625 0.1671875 0.15703125
66 0.5671875 0.43671875 0.13359375 0.075
5 0.4046875 0.44296875 0.16875 0.0703125
16 0.74140625 0.45078125 0.1390625 0.0734375
31 0.3359375 0.46953125 0.09609375 0.0578125