67 0.74765625 0.559375 0.1109375 0.13203125
29 0.3328125 0.58203125 0.12890625 0.121875
62 0.5875 0.61953125 0.1125 0.0515625
47 0.6453125 0.8046875 0.090625 0.14609375
37 0.33203125 0.84609375 0.0546875 0.1015625
9 0.603125 0.90078125 0.265625 0.0828125
55 0.36796875 0.925 0.165625 0.12421875
29 0.32890625 0.175 0.159375 0.14453125
15 0.48671875 0.20234375 0.19375 0.08125
5 0.61484375 0.21015625 0.278125 0.075
71 0.7734375 0.2140625 0.103125 0.05390625
66 0.3875 0.44921875 0.134375 0.084375
43 0.69375 0.453125 0.2 0.04921875
16 0.53828125 0.4578125 0.1984375 0.06640625