15 0.7046875 0.59765625 0.18125 0.1015625
8 0.54453125 0.6015625 0.2140625 0.10625
23 0.3453125 0.59765625 0.0796875 0.0671875
51 0.73671875 0.8859375 0.140625 0.1234375
55 0.3546875 0.8796875 0.1609375 0.103125
68 0.55234375 0.89375 0.1578125 0.1375
18 0.4734375 0.21171875 0.15 0.0625
31 0.8140625 0.23515625 0.1125 0.0515625
62 0.678125 0.2421875 0.1375 0.03125
33 0.790625 0.4375 0.153125 0.140625
37 0.34140625 0.425 0.0671875 0.1171875
66 0.65625 0.45234375 0.153125 0.1
71 0.45078125 0.4453125 0.1640625 0.06875