37 0.4640625 0.56796875 0.065625 0.121875
19 0.746875 0.615625 0.209375 0.1078125
12 0.36015625 0.6171875 0.1265625 0.05625
34 0.696875 0.90234375 0.1765625 0.10625
36 0.3859375 0.90234375 0.1796875 0.0921875
66 0.3984375 0.1953125 0.1515625 0.0921875
18 0.596875 0.21796875 0.0890625 0.059375
31 0.73046875 0.2265625 0.1078125 0.053125
43 0.81015625 0.2390625 0.153125 0.0546875
15 0.4078125 0.4125 0.1484375 0.0546875
71 0.56796875 0.44765625 0.1453125 0.084375
55 0.7484375 0.4703125 0.1671875 0.0796875
68 0.4015625 0.45546875 0.29375 0.0796875