19 0.7296875 0.584375 0.209375 0.090625
18 0.375 0.60390625 0.11875 0.06875
55 0.5515625 0.60078125 0.159375 0.0875
29 0.6015625 0.84921875 0.159375 0.090625
5 0.7390625 0.8578125 0.171875 0.1078125
67 0.4125 0.86484375 0.115625 0.14375
8 0.5515625 0.91015625 0.21875 0.0859375
47 0.725 0.16484375 0.09375 0.1578125
16 0.38515625 0.221875 0.2140625 0.0515625
12 0.56953125 0.2203125 0.1375 0.0421875
66 0.35859375 0.45859375 0.146875 0.090625
71 0.565625 0.45546875 0.2125 0.075
43 0.74609375 0.459375 0.184375 0.0546875