29 0.54609375 0.57109375 0.1515625 0.14375
15 0.37734375 0.60390625 0.178125 0.1046875
16 0.778125 0.60390625 0.18125 0.0875
47 0.78828125 0.82578125 0.10625 0.1734375
51 0.6609375 0.85390625 0.14140625 0.128125
8 0.53671875 0.87734375 0.2125 0.121875
43 0.3859375 0.8875 0.15234375 0.0875
29 0.79609375 0.17734375 0.1265625 0.115625
33 0.40078125 0.21953125 0.25 0.078125
64 0.4203125 0.44609375 0.24765625 0.0984375
71 0.571875 0.45390625 0.184375 0.0734375
34 0.75234375 0.4515625 0.1984375 0.06640625