67 0.7734375 0.56015625 0.1109375 0.1375
29 0.3578125 0.5859375 0.1421875 0.1125
8 0.53828125 0.59375 0.1765625 0.08125
31 0.7140625 0.61796875 0.115625 0.0671875
47 0.66875 0.815625 0.0984375 0.1609375
23 0.3640625 0.8703125 0.0734375 0.06875
37 0.384375 0.89296875 0.0609375 0.109375
18 0.625 0.91015625 0.1359375 0.0890625
71 0.75703125 0.2109375 0.2 0.0671875
12 0.51796875 0.2234375 0.1375 0.040625
48 0.5640625 0.44609375 0.15625 0.109375
66 0.3859375 0.4515625 0.1453125 0.08125
68 0.79296875 0.446875 0.121875 0.071875
68 0.684375 0.45234375 0.0828125 0.0578125