67 0.7484375 0.57265625 0.1125 0.1359375
29 0.33046875 0.5765625 0.121875 0.1109375
36 0.6078125 0.621875 0.259375 0.0703125
62 0.43984375 0.62421875 0.1296875 0.046875
47 0.6359375 0.82265625 0.1046875 0.1578125
37 0.3171875 0.83671875 0.05625 0.1
5 0.61796875 0.925 0.18125 0.1
55 0.35 0.9203125 0.175 0.1265625
29 0.34296875 0.17109375 0.175 0.146875
71 0.74296875 0.221875 0.2078125 0.075
67 0.75859375 0.43125 0.1203125 0.128125
8 0.409375 0.44296875 0.1953125 0.0703125
66 0.61953125 0.45234375 0.1421875 0.0859375