12 0.36953125 0.46953125 0.15625 0.05625
64 0.36953125 0.57421875 0.1703125 0.1515625
43 0.7109375 0.59765625 0.12890625 0.0703125
33 0.57578125 0.60234375 0.20625 0.0875
48 0.58203125 0.846875 0.190625 0.103125
51 0.7390625 0.875 0.14765625 0.128125
8 0.421875 0.89609375 0.175 0.090625
67 0.36484375 0.1796875 0.109375 0.12890625
66 0.75859375 0.20546875 0.1484375 0.0703125
37 0.75234375 0.42421875 0.0640625 0.109375
71 0.61015625 0.44765625 0.14375 0.06875
31 0.41953125 0.4515625 0.11875 0.05859375