21 0.421875 0.475 0.2375 0.04296875
68 0.76171875 0.60390625 0.1765625 0.0984375
48 0.596875 0.6046875 0.153125 0.08125
18 0.42734375 0.60234375 0.1375 0.0625
66 0.52578125 0.85546875 0.1421875 0.1015625
33 0.71484375 0.8796875 0.2484375 0.109375
13 0.38671875 0.8703125 0.1375 0.09140625
29 0.8140625 0.20078125 0.17734375 0.115625
62 0.6625 0.2359375 0.18046875 0.03125
37 0.75390625 0.4296875 0.0625 0.10625
55 0.46484375 0.43828125 0.1859375 0.075
23 0.5875 0.45390625 0.08203125 0.075
64 0.71328125 0.4625 0.303125 0.08046875