21 0.4203125 0.48203125 0.2375 0.046875
68 0.76953125 0.58046875 0.178125 0.1015625
48 0.60625 0.59609375 0.15546875 0.0828125
18 0.43671875 0.6078125 0.1390625 0.065625
66 0.55703125 0.85234375 0.14375 0.103125
33 0.74765625 0.859375 0.25 0.11328125
13 0.41953125 0.87890625 0.1390625 0.0953125
29 0.78671875 0.17421875 0.178125 0.11875
62 0.6390625 0.22265625 0.17890625 0.034375
37 0.746875 0.4078125 0.06328125 0.10859375
55 0.459375 0.4421875 0.1875 0.078125
23 0.58359375 0.44609375 0.0828125 0.0765625
64 0.709375 0.44453125 0.30546875 0.084375