67 0.7453125 0.57734375 0.1125 0.1390625
29 0.3328125 0.57265625 0.128125 0.1234375
64 0.51640625 0.603125 0.3140625 0.115625
47 0.6234375 0.8234375 0.1 0.165625
23 0.31953125 0.8609375 0.0765625 0.071875
37 0.33828125 0.88359375 0.065625 0.1125
18 0.5765625 0.9171875 0.1359375 0.096875
29 0.35546875 0.165625 0.1640625 0.1546875
15 0.509375 0.203125 0.1984375 0.0875
5 0.63046875 0.21796875 0.2828125 0.084375
71 0.7984375 0.23515625 0.1 0.0578125
66 0.390625 0.44296875 0.1453125 0.0828125
43 0.7 0.46640625 0.203125 0.05625
16 0.54609375 0.46328125 0.1984375 0.0796875