16 0.6234375 0.47578125 0.1078125 0.0375
29 0.446875 0.5484375 0.1421875 0.1125
15 0.5890625 0.58046875 0.1671875 0.0890625
23 0.7625 0.6 0.0796875 0.0640625
19 0.4359375 0.60546875 0.2859375 0.1046875
12 0.6921875 0.61640625 0.1453125 0.05
47 0.7546875 0.82734375 0.103125 0.146875
67 0.64765625 0.8421875 0.1046875 0.1296875
55 0.39296875 0.84296875 0.159375 0.0640625
47 0.8 0.85859375 0.109375 0.175
8 0.75859375 0.9234375 0.1828125 0.1390625
68 0.36640625 0.9234375 0.1921875 0.115625
9 0.5390625 0.928125 0.1359375 0.0734375
64 0.359375 0.15390625 0.190625 0.1875
67 0.7859375 0.1875 0.090625 0.125
37 0.83828125 0.19453125 0.0703125 0.1078125
51 0.6796875 0.20078125 0.146875 0.1015625
71 0.49765625 0.21484375 0.165625 0.065625
33 0.77890625 0.42890625 0.165625 0.146875
66 0.56875 0.440625 0.115625 0.0796875
5 0.40546875 0.44375 0.18125 0.0640625
16 0.75 0.46328125 0.1421875 0.06875
31 0.3390625 0.459375 0.09375 0.0609375