66 0.37734375 0.56953125 0.128125 0.0921875
19 0.75078125 0.61640625 0.2 0.1046875
16 0.54140625 0.61484375 0.2375 0.0921875
8 0.76328125 0.89140625 0.1765625 0.140625
36 0.3796875 0.89921875 0.190625 0.090625
23 0.61640625 0.925 0.0921875 0.08203125
18 0.60078125 0.21796875 0.0875 0.05625
55 0.4171875 0.209375 0.196875 0.06875
31 0.72890625 0.23203125 0.1140625 0.0515625
43 0.81875 0.2390625 0.12578125 0.04609375
15 0.40390625 0.4140625 0.18125 0.06640625
37 0.7546875 0.4453125 0.071875 0.12734375
71 0.56796875 0.45 0.1328125 0.08203125
68 0.409375 0.45546875 0.28125 0.0828125