67 0.746875 0.57734375 0.11328125 0.1375
29 0.3296875 0.5734375 0.12265625 0.1125
36 0.60546875 0.6234375 0.259375 0.075
62 0.43828125 0.6234375 0.13125 0.04765625
47 0.6296875 0.825 0.10859375 0.159375
37 0.3109375 0.83359375 0.05859375 0.1015625
5 0.6109375 0.9265625 0.18125 0.103125
55 0.34296875 0.9171875 0.1765625 0.12890625
29 0.3484375 0.16796875 0.17734375 0.15
71 0.74765625 0.22578125 0.209375 0.078125
67 0.76015625 0.43515625 0.1234375 0.1296875
8 0.4109375 0.44140625 0.19609375 0.0734375
66 0.6203125 0.4546875 0.14375 0.0875