51 0.70703125 0.58203125 0.1625 0.0890625
9 0.36953125 0.596875 0.15625 0.04921875
62 0.57265625 0.63203125 0.16875 0.0625
71 0.3859375 0.878125 0.16015625 0.1
19 0.72734375 0.8921875 0.2 0.12109375
18 0.55390625 0.8875 0.1078125 0.08828125
15 0.74296875 0.20625 0.1515625 0.08046875
64 0.6125 0.2078125 0.296875 0.09140625
23 0.821875 0.221875 0.08828125 0.065625
12 0.375 0.2171875 0.16328125 0.04765625
66 0.50234375 0.43828125 0.1453125 0.08125
48 0.35546875 0.43984375 0.1234375 0.090625
33 0.73125 0.47109375 0.28671875 0.0734375