19 0.4359375 0.590625 0.190625 0.078125
20 0.7875 0.60625 0.165625 0.05
33 0.64765625 0.83515625 0.184375 0.10625
29 0.50390625 0.8640625 0.1296875 0.1265625
13 0.39140625 0.884375 0.1421875 0.0875
43 0.771875 0.90546875 0.090625 0.075
43 0.61015625 0.909375 0.06875 0.04375
55 0.53671875 0.21171875 0.19375 0.0578125
26 0.3796875 0.215625 0.115625 0.046875
62 0.79140625 0.22734375 0.175 0.034375
47 0.73671875 0.396875 0.103125 0.15
51 0.79296875 0.43828125 0.153125 0.09375
71 0.596875 0.44453125 0.153125 0.065625
34 0.43046875 0.45546875 0.196875 0.05