16 0.62109375 0.4671875 0.109375 0.040625
29 0.45 0.5515625 0.14453125 0.11640625
15 0.59453125 0.57421875 0.1703125 0.09375
23 0.76875 0.58125 0.08125 0.06796875
19 0.44296875 0.609375 0.2890625 0.11328125
12 0.7 0.603125 0.146875 0.05546875
47 0.7765625 0.80859375 0.10859375 0.15
67 0.67109375 0.83125 0.109375 0.13203125
55 0.4171875 0.84921875 0.16015625 0.06875
47 0.82421875 0.83671875 0.115625 0.178125
8 0.7875 0.90390625 0.18671875 0.1453125
68 0.39609375 0.93203125 0.1953125 0.121875
9 0.56953125 0.92421875 0.1390625 0.0765625
64 0.33515625 0.1640625 0.196875 0.19375
67 0.76328125 0.16875 0.0953125 0.128125
37 0.81640625 0.171875 0.0734375 0.11171875
51 0.6578125 0.1890625 0.15 0.10625
71 0.478125 0.215625 0.16796875 0.071875
33 0.77265625 0.41015625 0.1703125 0.1515625
66 0.56484375 0.4359375 0.1171875 0.08359375
5 0.40234375 0.45 0.1828125 0.06953125
16 0.746875 0.4453125 0.14375 0.07265625
31 0.33671875 0.47109375 0.0953125 0.0640625