29 0.4078125 0.5546875 0.1625 0.11484375
19 0.74921875 0.6125 0.1984375 0.09921875
48 0.36328125 0.6 0.16875 0.09921875
16 0.5453125 0.61171875 0.22734375 0.0859375
8 0.7671875 0.88671875 0.16640625 0.128125
36 0.39296875 0.90234375 0.1875 0.0921875
23 0.61640625 0.92109375 0.0828125 0.078125
66 0.36953125 0.19609375 0.1453125 0.084375
18 0.60078125 0.215625 0.103125 0.05703125
62 0.790625 0.240625 0.11953125 0.0375
29 0.38828125 0.43203125 0.15625 0.115625
37 0.7703125 0.4453125 0.0875 0.12109375
31 0.67265625 0.44375 0.1015625 0.03203125
71 0.55390625 0.4453125 0.159375 0.08515625
43 0.7359375 0.46484375 0.21015625 0.0546875