16 0.625 0.4796875 0.1 0.04609375
15 0.63125 0.55859375 0.15703125 0.0484375
66 0.40625 0.57109375 0.15703125 0.0625
23 0.7671875 0.596875 0.071875 0.059375
48 0.64921875 0.60390625 0.20625 0.1
31 0.81484375 0.63671875 0.1203125 0.0609375
62 0.4171875 0.62734375 0.159375 0.05
67 0.76484375 0.83671875 0.10625 0.103125
12 0.51875 0.84453125 0.1125 0.075
55 0.3921875 0.8515625 0.14609375 0.096875
34 0.74375 0.91875 0.17421875 0.084375
43 0.35078125 0.92109375 0.15625 0.0859375
36 0.525 0.95703125 0.196875 0.0828125
64 0.35 0.1546875 0.18203125 0.18359375
67 0.79140625 0.190625 0.1015625 0.1375
51 0.678125 0.18828125 0.11796875 0.0515625
37 0.840625 0.19921875 0.06796875 0.115625
68 0.678125 0.21640625 0.246875 0.0859375
71 0.49609375 0.21328125 0.1625 0.0625
29 0.51796875 0.41171875 0.134375 0.1328125
33 0.78671875 0.42890625 0.175 0.15
29 0.65 0.42890625 0.153125 0.103125
5 0.39921875 0.4390625 0.1625 0.05234375
18 0.42578125 0.4515625 0.146875 0.05390625
16 0.7421875 0.471875 0.13125 0.06953125