16 0.628125 0.48046875 0.11328125 0.040625
15 0.70703125 0.59765625 0.178125 0.1015625
8 0.54453125 0.6046875 0.2140625 0.10390625
23 0.34765625 0.5984375 0.0828125 0.06875
51 0.73984375 0.8859375 0.146875 0.12265625
68 0.5578125 0.89140625 0.146875 0.140625
55 0.35234375 0.88125 0.1796875 0.12421875
64 0.37578125 0.153125 0.1921875 0.178125
18 0.53203125 0.21796875 0.09375 0.05
31 0.81640625 0.23515625 0.1125 0.0515625
62 0.68984375 0.23984375 0.1375 0.0328125
33 0.79140625 0.434375 0.159375 0.146875
37 0.34375 0.4265625 0.065625 0.11640625
66 0.5765625 0.44609375 0.125 0.0984375
71 0.4484375 0.4453125 0.159375 0.071875
16 0.74921875 0.47265625 0.1359375 0.075