33 0.640625 0.55390625 0.240625 0.078125
48 0.31328125 0.59140625 0.1546875 0.09375
64 0.63203125 0.5921875 0.23125 0.090625
36 0.459375 0.6015625 0.15 0.084375
51 0.2890625 0.86953125 0.128125 0.1
12 0.4546875 0.87109375 0.13515625 0.0640625
34 0.675 0.87734375 0.215625 0.0953125
37 0.44140625 0.19453125 0.059375 0.103125
66 0.290625 0.2046875 0.15 0.078125
71 0.54609375 0.2109375 0.1640625 0.071875
8 0.67734375 0.2140625 0.1375 0.06015625
19 0.32265625 0.41875 0.2203125 0.08203125
15 0.696875 0.45 0.18828125 0.090625
62 0.4890625 0.4578125 0.140625 0.03984375