33 0.63984375 0.55546875 0.2484375 0.0796875
64 0.62578125 0.59296875 0.246875 0.0984375
62 0.3125 0.596875 0.12578125 0.04375
51 0.2828125 0.8671875 0.12265625 0.096875
12 0.44375 0.87578125 0.159375 0.059375
37 0.4421875 0.1953125 0.05390625 0.103125
66 0.29140625 0.2015625 0.1640625 0.078125
71 0.55078125 0.2109375 0.1625 0.07265625
8 0.675 0.2203125 0.1375 0.06015625
29 0.30078125 0.43125 0.10625 0.10078125
48 0.43515625 0.43984375 0.134375 0.084375
15 0.68828125 0.4484375 0.2046875 0.10234375
23 0.53359375 0.4609375 0.08125 0.06484375