15 0.62734375 0.58125 0.1734375 0.0875
67 0.7890625 0.60078125 0.128125 0.1484375
8 0.43984375 0.58515625 0.2015625 0.0828125
48 0.66875 0.60390625 0.18671875 0.0953125
12 0.521875 0.62734375 0.11953125 0.05625
47 0.74375 0.83203125 0.10703125 0.165625
47 0.65546875 0.82734375 0.1015625 0.1640625
33 0.38828125 0.86015625 0.209375 0.128125
62 0.5453125 0.87734375 0.109375 0.0625
55 0.775 0.94140625 0.2 0.1140625
36 0.54296875 0.9515625 0.2015625 0.09375
51 0.80703125 0.2125 0.1296875 0.096875
64 0.39375 0.19140625 0.26328125 0.0953125
16 0.48671875 0.2140625 0.21875 0.071875
71 0.6671875 0.2234375 0.16015625 0.071875
66 0.37734375 0.4359375 0.140625 0.090625
18 0.72578125 0.4671875 0.15 0.059375
31 0.6015625 0.4671875 0.103125 0.06484375