12 0.62109375 0.46640625 0.1484375 0.0515625
29 0.41484375 0.56875 0.153125 0.140625
19 0.75625 0.59453125 0.20625 0.0984375
48 0.36484375 0.6140625 0.1421875 0.10625
16 0.559375 0.61171875 0.225 0.0828125
8 0.79765625 0.865625 0.171875 0.128125
36 0.43359375 0.909375 0.1890625 0.0984375
23 0.64921875 0.909375 0.0921875 0.078125
66 0.34921875 0.21015625 0.159375 0.0921875
18 0.57890625 0.21015625 0.1015625 0.053125
62 0.771875 0.21640625 0.11875 0.034375
31 0.66796875 0.434375 0.096875 0.0390625
71 0.5578125 0.44140625 0.159375 0.08125
15 0.38203125 0.4484375 0.15625 0.0984375
43 0.7359375 0.44765625 0.1984375 0.046875