67 0.53203125 0.57109375 0.1125 0.134375
15 0.3703125 0.59375 0.17265625 0.1
8 0.6765625 0.61875 0.19609375 0.07578125
51 0.66875 0.8765625 0.14296875 0.13359375
48 0.528125 0.875 0.14375 0.11796875
5 0.78515625 0.884375 0.1328125 0.13671875
43 0.35078125 0.8765625 0.140625 0.084375
71 0.403125 0.19765625 0.196875 0.084375
64 0.7390625 0.21015625 0.25 0.090625
33 0.5484375 0.21640625 0.171875 0.0640625
55 0.721875 0.45703125 0.11953125 0.0609375
18 0.6296875 0.4625 0.146875 0.06328125
34 0.39765625 0.45859375 0.1890625 0.0609375