67 0.73828125 0.57109375 0.1125 0.134375
29 0.3375 0.58046875 0.12578125 0.1203125
48 0.459375 0.5875 0.14453125 0.09921875
71 0.6078125 0.6109375 0.15390625 0.08125
23 0.7484375 0.62265625 0.08125 0.0671875
15 0.6796875 0.83359375 0.15390625 0.103125
8 0.553125 0.878125 0.17578125 0.10078125
9 0.37109375 0.88515625 0.1859375 0.1
16 0.7484375 0.90546875 0.20625 0.1171875
47 0.528125 0.159375 0.11171875 0.18046875
67 0.38046875 0.17734375 0.121875 0.128125
51 0.68125 0.19609375 0.18125 0.1046875
68 0.5171875 0.4484375 0.21640625 0.07890625
55 0.73828125 0.4578125 0.159375 0.07265625
31 0.35625 0.45546875 0.096875 0.0546875