21 0.8109375 0.4609375 0.128125 0.0375
8 0.63125 0.58125 0.10625 0.090625
26 0.4640625 0.6 0.1 0.0640625
5 0.8125 0.59453125 0.1734375 0.0953125
47 0.48359375 0.83671875 0.10625 0.1640625
55 0.80703125 0.88359375 0.1453125 0.1140625
33 0.62734375 0.896875 0.225 0.1125
37 0.82578125 0.17890625 0.0765625 0.109375
71 0.67890625 0.203125 0.1578125 0.0734375
66 0.39765625 0.21484375 0.15 0.0640625
13 0.52578125 0.215625 0.1390625 0.0546875
67 0.67578125 0.40703125 0.1140625 0.1421875
64 0.4625 0.44765625 0.2640625 0.0796875