66 0.63046875 0.584375 0.11875 0.0671875
48 0.77265625 0.5953125 0.1546875 0.0890625
20 0.45 0.6109375 0.2609375 0.0609375
15 0.378125 0.8609375 0.165625 0.1140625
33 0.72109375 0.87578125 0.2484375 0.10625
13 0.55546875 0.8859375 0.13125 0.0828125
21 0.52421875 0.946875 0.2375 0.0515625
64 0.80390625 0.1671875 0.1734375 0.1609375
26 0.6703125 0.22265625 0.1125 0.05
34 0.43671875 0.21953125 0.2828125 0.0484375
67 0.40546875 0.41328125 0.134375 0.140625
37 0.53359375 0.421875 0.06875 0.1078125
51 0.75546875 0.434375 0.184375 0.1015625
68 0.5921875 0.44921875 0.225 0.078125