66 0.63359375 0.5796875 0.11875 0.06640625
48 0.77578125 0.5859375 0.1546875 0.08984375
20 0.45390625 0.6125 0.2609375 0.06171875
15 0.390625 0.865625 0.165625 0.11328125
33 0.73359375 0.86796875 0.2484375 0.10625
13 0.56953125 0.884375 0.13125 0.08203125
21 0.53984375 0.9453125 0.2375 0.05234375
64 0.7921875 0.15625 0.17265625 0.16171875
26 0.6609375 0.21640625 0.1125 0.05
34 0.42734375 0.221875 0.2828125 0.04921875
67 0.40234375 0.41640625 0.134375 0.140625
37 0.53046875 0.4203125 0.06875 0.10859375
51 0.75234375 0.425 0.184375 0.10078125
68 0.590625 0.44609375 0.225 0.078125