51 0.50390625 0.5875 0.14375 0.096875
48 0.3578125 0.60703125 0.153125 0.1
8 0.64765625 0.61640625 0.175 0.06875
43 0.715625 0.871875 0.06171875 0.0375
43 0.803125 0.88203125 0.084375 0.078125
5 0.6078125 0.89140625 0.10390625 0.103125
64 0.42734375 0.89765625 0.275 0.15
5 0.7453125 0.909375 0.09609375 0.06875
19 0.76484375 0.20234375 0.221875 0.08125
12 0.35390625 0.22578125 0.128125 0.0359375
62 0.51328125 0.23046875 0.14375 0.0390625
66 0.37265625 0.4328125 0.13125 0.065625
34 0.57109375 0.4546875 0.190625 0.04375
18 0.684375 0.45703125 0.109375 0.05625
16 0.34609375 0.465625 0.1765625 0.075