29 0.47890625 0.56328125 0.128125 0.128125
55 0.59609375 0.6046875 0.19375 0.078125
12 0.365625 0.615625 0.134375 0.059375
16 0.7703125 0.61953125 0.184375 0.0734375
47 0.76953125 0.8421875 0.1046875 0.1703125
51 0.63984375 0.8625 0.140625 0.121875
8 0.50859375 0.878125 0.19375 0.109375
43 0.36484375 0.88359375 0.14375 0.0875
29 0.80390625 0.18984375 0.1125 0.1046875
33 0.40859375 0.21484375 0.259375 0.0609375
64 0.42421875 0.440625 0.24375 0.084375
71 0.56796875 0.46015625 0.190625 0.065625
34 0.75390625 0.4625 0.19375 0.059375