16 0.62890625 0.4734375 0.109375 0.03359375
29 0.44609375 0.55078125 0.14375 0.1015625
15 0.59453125 0.5796875 0.1671875 0.090625
23 0.759375 0.5921875 0.09453125 0.06640625
19 0.4390625 0.60234375 0.28515625 0.1078125
12 0.69453125 0.61953125 0.14375 0.05
47 0.7578125 0.82890625 0.09609375 0.14375
67 0.646875 0.84609375 0.103125 0.1328125
55 0.39765625 0.84296875 0.1375 0.0796875
47 0.7984375 0.865625 0.10390625 0.18125
8 0.76796875 0.92109375 0.2 0.125
68 0.36953125 0.91796875 0.196875 0.125
9 0.54140625 0.92578125 0.140625 0.08125
64 0.3578125 0.153125 0.19140625 0.190625
67 0.53671875 0.178125 0.121875 0.14375
51 0.68203125 0.19609375 0.1515625 0.0953125
31 0.81015625 0.228125 0.09375 0.04921875
33 0.7828125 0.42578125 0.159375 0.1484375
37 0.334375 0.43203125 0.059375 0.1203125
66 0.5703125 0.4375 0.11640625 0.075
5 0.43828125 0.453125 0.1578125 0.075
16 0.74609375 0.46640625 0.1296875 0.075