21 0.4203125 0.48125 0.2375 0.04296875
68 0.76796875 0.58515625 0.1765625 0.0984375
48 0.60390625 0.59765625 0.153125 0.08125
18 0.43515625 0.60703125 0.1375 0.0625
66 0.55078125 0.853125 0.1421875 0.10078125
33 0.740625 0.8640625 0.24921875 0.109375
13 0.41328125 0.87734375 0.1375 0.0921875
29 0.7921875 0.1796875 0.17734375 0.115625
62 0.64375 0.225 0.18046875 0.03125
37 0.7484375 0.4125 0.0625 0.10625
55 0.46015625 0.44140625 0.1859375 0.075
23 0.584375 0.44765625 0.08203125 0.075
64 0.71015625 0.4484375 0.303125 0.07890625