51 0.36796875 0.58125 0.146875 0.11171875
23 0.53671875 0.6015625 0.075 0.065625
33 0.7171875 0.60546875 0.24765625 0.1046875
29 0.578125 0.84609375 0.15703125 0.08125
5 0.73671875 0.8671875 0.1765625 0.096875
55 0.39453125 0.875 0.15625 0.10703125
8 0.54140625 0.91171875 0.2203125 0.0859375
47 0.73828125 0.1734375 0.090625 0.15625
16 0.39453125 0.2203125 0.2125 0.05390625
12 0.58125 0.22421875 0.13671875 0.0421875
66 0.36328125 0.45 0.140625 0.08046875
71 0.56875 0.4546875 0.2125 0.07734375
43 0.75 0.46796875 0.1875 0.05625