67 0.74921875 0.56875 0.1265625 0.125
29 0.3375 0.5828125 0.13046875 0.10625
18 0.5640625 0.59609375 0.0875 0.0640625
47 0.63984375 0.81640625 0.0984375 0.159375
37 0.33125 0.84296875 0.065625 0.109375
55 0.36484375 0.92265625 0.15625 0.1328125
5 0.61875 0.92265625 0.17421875 0.0859375
29 0.33359375 0.17109375 0.1609375 0.1359375
71 0.73046875 0.21484375 0.196875 0.065625
15 0.73671875 0.446875 0.1421875 0.08203125
8 0.39453125 0.4484375 0.2109375 0.07734375
66 0.57421875 0.4484375 0.140625 0.075