21 0.81015625 0.45546875 0.128125 0.0390625
8 0.6328125 0.57890625 0.10859375 0.0921875
26 0.46640625 0.6 0.1015625 0.065625
5 0.81484375 0.5890625 0.175 0.09765625
47 0.48984375 0.83671875 0.109375 0.165625
55 0.8140625 0.878125 0.14765625 0.115625
33 0.634375 0.89453125 0.22578125 0.115625
37 0.8203125 0.1734375 0.07890625 0.11015625
71 0.6734375 0.2 0.159375 0.07578125
66 0.39296875 0.2171875 0.15 0.06640625
13 0.52109375 0.21484375 0.1390625 0.0578125
67 0.67421875 0.40390625 0.115625 0.14375
64 0.4609375 0.4484375 0.265625 0.084375