29 0.40390625 0.55234375 0.1578125 0.128125
66 0.35078125 0.59453125 0.1375 0.0953125
19 0.74921875 0.6125 0.203125 0.103125
16 0.5484375 0.6140625 0.22265625 0.08125
8 0.77578125 0.88515625 0.1671875 0.1328125
36 0.3953125 0.89921875 0.178125 0.0890625
23 0.61953125 0.92265625 0.0828125 0.08125
15 0.39453125 0.19296875 0.2015625 0.1
18 0.60078125 0.2140625 0.1125 0.05390625
62 0.7890625 0.23828125 0.13515625 0.0296875
71 0.5578125 0.4484375 0.15625 0.08125
31 0.6703125 0.45625 0.103125 0.053125
43 0.70703125 0.465625 0.26875 0.06953125
9 0.378125 0.45703125 0.18203125 0.065625