48 0.43984375 0.58828125 0.2359375 0.1015625
71 0.73203125 0.61015625 0.1703125 0.084375
62 0.58359375 0.6296875 0.128125 0.0515625
37 0.68203125 0.8796875 0.078125 0.1171875
12 0.52109375 0.8765625 0.1375 0.06875
51 0.3515625 0.87421875 0.1234375 0.1140625
29 0.55703125 0.1765625 0.1546875 0.15
5 0.78125 0.22265625 0.171875 0.06875
31 0.41640625 0.21015625 0.1015625 0.0640625
23 0.6734375 0.22421875 0.084375 0.0703125
66 0.62421875 0.44296875 0.1640625 0.084375
8 0.4390625 0.4484375 0.215625 0.0953125