33 0.646875 0.546875 0.25625 0.09296875
48 0.3171875 0.59296875 0.15234375 0.0890625
36 0.46875 0.6 0.178125 0.09921875
64 0.63515625 0.59453125 0.25 0.09375
12 0.4625 0.8734375 0.13671875 0.07109375
51 0.29921875 0.8796875 0.11875 0.10234375
34 0.684375 0.8703125 0.19921875 0.1125
37 0.4265625 0.19375 0.059375 0.10703125
66 0.28359375 0.20859375 0.1609375 0.0859375
71 0.53515625 0.21015625 0.16875 0.0796875
8 0.6671875 0.20703125 0.153125 0.059375
19 0.3234375 0.42265625 0.2125 0.090625
15 0.68828125 0.4421875 0.20625 0.09765625
62 0.4859375 0.4609375 0.12734375 0.0375