26 0.41875 0.5984375 0.146875 0.059375
18 0.728125 0.6125 0.09375 0.053125
21 0.590625 0.62734375 0.134375 0.0515625
37 0.81171875 0.90078125 0.0765625 0.1234375
20 0.6328125 0.89921875 0.275 0.0890625
8 0.38125 0.91171875 0.20546875 0.109375
47 0.80078125 0.1703125 0.10625 0.17890625
55 0.59921875 0.21328125 0.1453125 0.0734375
23 0.42265625 0.215625 0.08125 0.05546875
67 0.728125 0.4265625 0.10625 0.14765625
48 0.59765625 0.43984375 0.1453125 0.084375
71 0.43828125 0.44140625 0.1984375 0.0921875