15 0.625 0.55 0.15625 0.05703125
66 0.409375 0.58125 0.13828125 0.06328125
67 0.79140625 0.571875 0.121875 0.140625
48 0.64296875 0.59296875 0.2015625 0.1046875
12 0.4359375 0.6296875 0.15234375 0.06015625
47 0.6828125 0.8140625 0.090625 0.16015625
47 0.76796875 0.81171875 0.0921875 0.16875
33 0.4140625 0.86171875 0.1875 0.1171875
62 0.5703125 0.85859375 0.11484375 0.05
19 0.7859375 0.9203125 0.21015625 0.13359375
55 0.5640625 0.9296875 0.16484375 0.1125
8 0.38359375 0.94765625 0.190625 0.096875
64 0.3609375 0.18125 0.26640625 0.14375
51 0.78125 0.1875 0.1375 0.09296875
71 0.6421875 0.20859375 0.15859375 0.0671875
16 0.45859375 0.21796875 0.2125 0.059375
5 0.403125 0.45 0.178125 0.07578125
18 0.71953125 0.446875 0.1515625 0.06328125
31 0.6 0.45859375 0.10078125 0.0609375