29 0.33828125 0.578125 0.115625 0.11953125
71 0.72421875 0.59765625 0.1453125 0.0859375
48 0.4625 0.59140625 0.13671875 0.0953125
15 0.67578125 0.83125 0.153125 0.09375
9 0.36875 0.88203125 0.19296875 0.1
16 0.75 0.909375 0.20078125 0.11328125
64 0.534375 0.90546875 0.26953125 0.1515625
67 0.60390625 0.1875 0.121875 0.12578125
19 0.7609375 0.21484375 0.2125 0.0828125
18 0.39609375 0.203125 0.1515625 0.06328125
37 0.3546875 0.415625 0.05859375 0.1
68 0.54296875 0.4515625 0.215625 0.084375
34 0.759375 0.4734375 0.225 0.06640625
62 0.34140625 0.46015625 0.1171875 0.0390625