29 0.40546875 0.56484375 0.1578125 0.125
19 0.75703125 0.6 0.20625 0.0984375
16 0.55390625 0.6109375 0.2203125 0.0796875
31 0.36015625 0.61484375 0.096875 0.0625
8 0.7921875 0.8734375 0.171875 0.1328125
36 0.41171875 0.9078125 0.1859375 0.084375
23 0.640625 0.91328125 0.084375 0.071875
18 0.58359375 0.2109375 0.0984375 0.0515625
12 0.7515625 0.225 0.1265625 0.028125
37 0.69375 0.41328125 0.0671875 0.0796875
15 0.39921875 0.428125 0.15625 0.0546875
71 0.559375 0.4453125 0.1484375 0.06875
68 0.71328125 0.45390625 0.25625 0.0765625
55 0.43359375 0.465625 0.2546875 0.0609375