51 0.4140625 0.58671875 0.14765625 0.1125
43 0.73828125 0.59765625 0.1046875 0.065625
15 0.51953125 0.85625 0.1796875 0.11875
18 0.75390625 0.890625 0.090625 0.08125
12 0.36484375 0.8890625 0.1390625 0.08125
37 0.38046875 0.19140625 0.059375 0.0984375
26 0.465625 0.21484375 0.11328125 0.05
33 0.7203125 0.2234375 0.23515625 0.05234375
13 0.51171875 0.42578125 0.1546875 0.0875
68 0.38046875 0.43984375 0.1453125 0.0828125
55 0.62109375 0.4515625 0.1546875 0.07734375
20 0.79296875 0.46640625 0.20625 0.05