8 0.425 0.59140625 0.184375 0.1046875
19 0.74921875 0.6078125 0.209375 0.09765625
71 0.55703125 0.60859375 0.1515625 0.090625
55 0.47890625 0.8640625 0.146875 0.06875
15 0.35703125 0.896875 0.175 0.109375
64 0.38125 0.18203125 0.26171875 0.125
31 0.69765625 0.21875 0.1078125 0.05703125
43 0.8015625 0.228125 0.14140625 0.04375
62 0.57734375 0.2296875 0.1328125 0.03359375
37 0.35625 0.41640625 0.06328125 0.103125
66 0.58203125 0.44453125 0.140625 0.0828125
5 0.71953125 0.4578125 0.15 0.078125
18 0.41015625 0.453125 0.1265625 0.05703125