34 0.4 0.60234375 0.19296875 0.071875
20 0.76796875 0.61796875 0.2140625 0.078125
9 0.61875 0.8921875 0.215625 0.109375
33 0.38984375 0.8890625 0.215625 0.121875
21 0.76796875 0.9078125 0.13125 0.0875
37 0.8265625 0.2015625 0.071875 0.10390625
66 0.39921875 0.20390625 0.1578125 0.0734375
23 0.73828125 0.221875 0.0890625 0.06171875
18 0.58125 0.22265625 0.10078125 0.053125
19 0.7859375 0.45078125 0.20859375 0.0984375
13 0.5875 0.4515625 0.18125 0.059375
26 0.421875 0.45390625 0.16328125 0.0578125