5 0.5921875 0.60078125 0.203125 0.096875
20 0.76953125 0.61796875 0.221875 0.0828125
34 0.4015625 0.60625 0.19140625 0.078125
9 0.61875 0.890625 0.21328125 0.11171875
33 0.39453125 0.884375 0.215625 0.13046875
21 0.77265625 0.909375 0.134375 0.08828125
37 0.83046875 0.20234375 0.06875 0.10625
66 0.396875 0.20390625 0.1625 0.071875
23 0.7421875 0.22421875 0.08984375 0.0625
18 0.584375 0.22265625 0.10078125 0.0546875
19 0.79140625 0.4515625 0.1984375 0.09765625
13 0.59375 0.45234375 0.18046875 0.0625
26 0.42578125 0.4546875 0.1625 0.05390625