16 0.62734375 0.4765625 0.1125 0.0375
29 0.44375 0.5609375 0.15078125 0.14140625
15 0.5875 0.58203125 0.18125 0.096875
19 0.68671875 0.6078125 0.284375 0.103125
47 0.7515625 0.83984375 0.10390625 0.1625
8 0.6125 0.85546875 0.20625 0.103125
47 0.79296875 0.8625 0.1109375 0.16796875
68 0.35703125 0.87890625 0.1796875 0.128125
64 0.36640625 0.153125 0.1984375 0.18046875
67 0.546875 0.18046875 0.125 0.1328125
51 0.68125 0.20546875 0.16328125 0.0921875
31 0.815625 0.22890625 0.11171875 0.0484375
33 0.78984375 0.42890625 0.1703125 0.153125
37 0.34140625 0.43046875 0.06875 0.1171875
66 0.575 0.43984375 0.13125 0.0921875
71 0.4421875 0.4453125 0.14609375 0.071875
16 0.74296875 0.46953125 0.1359375 0.075