12 0.471875 0.46796875 0.1375 0.053125
16 0.61796875 0.4703125 0.1078125 0.0375
29 0.440625 0.54921875 0.14375 0.1078125
15 0.590625 0.5734375 0.1703125 0.084375
23 0.7703125 0.58203125 0.08125 0.0703125
19 0.44765625 0.6078125 0.2796875 0.1125
34 0.71171875 0.6171875 0.240625 0.059375
47 0.765625 0.82109375 0.1 0.1515625
55 0.41328125 0.85234375 0.1484375 0.084375
68 0.5546875 0.85234375 0.14375 0.078125
47 0.8125 0.8484375 0.109375 0.1703125
67 0.678125 0.86015625 0.115625 0.1421875
8 0.7765625 0.91328125 0.2109375 0.125
9 0.52109375 0.9328125 0.134375 0.0828125
43 0.371875 0.93671875 0.1515625 0.1046875
64 0.34453125 0.1578125 0.184375 0.184375
67 0.7734375 0.171875 0.0953125 0.128125
37 0.8234375 0.184375 0.065625 0.1109375
51 0.66796875 0.1921875 0.134375 0.090625
71 0.4828125 0.21484375 0.16875 0.0640625
33 0.78203125 0.42109375 0.1640625 0.1546875
66 0.56875 0.4375 0.13125 0.071875
5 0.40625 0.44140625 0.1671875 0.0671875
16 0.7421875 0.45546875 0.1390625 0.071875
31 0.3359375 0.4671875 0.09375 0.05625