51 0.70625 0.5859375 0.16328125 0.09140625
9 0.3671875 0.59453125 0.15859375 0.0515625
62 0.5703125 0.63359375 0.17109375 0.065625
71 0.3796875 0.8765625 0.1625 0.103125
19 0.7203125 0.89609375 0.20234375 0.1234375
18 0.546875 0.88828125 0.109375 0.090625
15 0.7484375 0.21015625 0.153125 0.0828125
64 0.61796875 0.209375 0.2984375 0.096875
23 0.8265625 0.22734375 0.090625 0.0671875
12 0.3796875 0.21484375 0.16484375 0.05
66 0.503125 0.43828125 0.14453125 0.0828125
48 0.35625 0.4375 0.125 0.09296875
33 0.73203125 0.47578125 0.2875 0.078125