67 0.76953125 0.565625 0.1125 0.13203125
48 0.415625 0.58359375 0.14375 0.0875
15 0.58984375 0.5859375 0.1625 0.09140625
47 0.66328125 0.80703125 0.0953125 0.140625
23 0.35703125 0.86953125 0.071875 0.06875
37 0.3765625 0.89140625 0.05859375 0.109375
19 0.64765625 0.92265625 0.225 0.11875
18 0.7203125 0.21015625 0.090625 0.0515625
12 0.509375 0.2234375 0.14375 0.034375
29 0.3921875 0.42265625 0.165625 0.1375
66 0.5515625 0.446875 0.13515625 0.078125
68 0.79140625 0.4515625 0.115625 0.071875
68 0.68046875 0.4546875 0.075 0.05625