67 0.740625 0.5609375 0.11171875 0.134375
29 0.34296875 0.58515625 0.1109375 0.128125
51 0.459375 0.60234375 0.15078125 0.1046875
71 0.6109375 0.61015625 0.15390625 0.0875
23 0.75390625 0.61328125 0.08125 0.0671875
15 0.690625 0.82734375 0.15546875 0.1046875
37 0.3421875 0.846875 0.059375 0.1
8 0.56171875 0.878125 0.1796875 0.09921875
36 0.3953125 0.940625 0.23359375 0.096875
47 0.51171875 0.16328125 0.1109375 0.190625
67 0.36875 0.18203125 0.125 0.1296875
12 0.73125 0.21875 0.153125 0.04375
68 0.5109375 0.45078125 0.20859375 0.0875
55 0.72890625 0.4484375 0.171875 0.06875
31 0.353125 0.4609375 0.09375 0.05625