21 0.64921875 0.46484375 0.1140625 0.0390625
66 0.5515625 0.578125 0.1515625 0.0671875
55 0.51953125 0.609375 0.2109375 0.078125
20 0.728125 0.60703125 0.221875 0.0546875
67 0.6078125 0.85703125 0.125 0.14375
33 0.77109375 0.85234375 0.2234375 0.1171875
62 0.4546875 0.88515625 0.1328125 0.071875
29 0.775 0.1859375 0.1125 0.1
15 0.5984375 0.196875 0.19375 0.0859375
26 0.45390625 0.2171875 0.1203125 0.0515625
47 0.371875 0.44453125 0.128125 0.0796875
48 0.77421875 0.43984375 0.159375 0.0734375
18 0.51875 0.45 0.084375 0.05