9 0.571875 0.4703125 0.21875 0.05390625
29 0.578125 0.5875 0.165625 0.11328125
71 0.7296875 0.5875 0.14375 0.07578125
64 0.3984375 0.609375 0.26015625 0.078125
18 0.709375 0.88359375 0.11875 0.0734375
62 0.43515625 0.8921875 0.128125 0.06015625
67 0.33203125 0.178125 0.125 0.1375
67 0.584375 0.1796875 0.11796875 0.12265625
16 0.62578125 0.2078125 0.2984375 0.071875
5 0.44765625 0.21640625 0.15 0.0640625
23 0.7734375 0.2125 0.08359375 0.05546875
48 0.6984375 0.4328125 0.20234375 0.084375
19 0.35625 0.45234375 0.190625 0.090625