67 0.48671875 0.5625 0.115625 0.134375
62 0.66953125 0.61328125 0.1328125 0.05625
21 0.803125 0.63046875 0.13671875 0.0578125
66 0.4359375 0.86796875 0.13125 0.0921875
20 0.69453125 0.89765625 0.2 0.08125
33 0.4109375 0.18828125 0.19609375 0.1109375
15 0.65078125 0.2078125 0.184375 0.08984375
68 0.815625 0.2203125 0.11953125 0.075
23 0.559375 0.44765625 0.07578125 0.0640625
67 0.421875 0.4453125 0.13671875 0.05234375
26 0.83125 0.46953125 0.11171875 0.053125
12 0.65078125 0.47109375 0.1515625 0.0375