19 0.72890625 0.58671875 0.2171875 0.0984375
55 0.540625 0.60546875 0.159375 0.0734375
62 0.39765625 0.61171875 0.1171875 0.0578125
47 0.66875 0.81484375 0.096875 0.1640625
23 0.36328125 0.871875 0.071875 0.0703125
67 0.58984375 0.875 0.1125 0.15
37 0.384375 0.89375 0.0609375 0.109375
67 0.40234375 0.1796875 0.109375 0.1328125
18 0.71640625 0.20625 0.0859375 0.040625
68 0.68984375 0.44375 0.0671875 0.046875
68 0.7953125 0.44453125 0.1171875 0.0796875
66 0.3921875 0.45390625 0.146875 0.08125
33 0.58515625 0.459375 0.253125 0.0671875