67 0.75078125 0.55625 0.1140625 0.13671875
29 0.33515625 0.58984375 0.15625 0.1265625
62 0.60703125 0.6109375 0.1296875 0.053125
47 0.6546875 0.80546875 0.096875 0.1515625
37 0.33984375 0.85 0.0578125 0.10625
9 0.6125 0.8953125 0.26953125 0.08515625
55 0.3734375 0.92734375 0.17734375 0.1265625
29 0.31875 0.1828125 0.165625 0.15390625
15 0.48359375 0.2046875 0.2015625 0.084375
5 0.60625 0.20859375 0.1 0.071875
71 0.7296875 0.20625 0.18125 0.06953125
66 0.3875 0.45078125 0.134375 0.08125
43 0.6953125 0.44921875 0.2 0.0515625
16 0.5390625 0.45703125 0.203125 0.0703125