9 0.7390625 0.46640625 0.228125 0.053125
67 0.73984375 0.56796875 0.103125 0.134375
29 0.33046875 0.58515625 0.121875 0.115625
51 0.45390625 0.59921875 0.15 0.1
8 0.62890625 0.61015625 0.19375 0.0828125
23 0.75078125 0.61796875 0.078125 0.065625
15 0.68515625 0.8296875 0.15 0.096875
37 0.3375 0.84296875 0.05625 0.1
12 0.5484375 0.8890625 0.140625 0.078125
43 0.7171875 0.90546875 0.20625 0.0828125
36 0.3859375 0.93671875 0.23359375 0.0953125
62 0.6484375 0.96484375 0.1625 0.0640625
47 0.51328125 0.1625 0.1109375 0.190625
67 0.37578125 0.1796875 0.121875 0.12734375
55 0.690625 0.2171875 0.1625 0.0625
68 0.51171875 0.44921875 0.21875 0.0875
31 0.353125 0.45859375 0.096875 0.053125