33 0.63984375 0.55625 0.2421875 0.08203125
48 0.31171875 0.58828125 0.15625 0.096875
64 0.63046875 0.59453125 0.23125 0.09375
36 0.4578125 0.60078125 0.15 0.0859375
51 0.2828125 0.865625 0.12890625 0.10078125
12 0.4484375 0.8703125 0.1375 0.06640625
34 0.66875 0.88046875 0.21875 0.0984375
37 0.446875 0.19375 0.06171875 0.10546875
66 0.29609375 0.20078125 0.15 0.0796875
71 0.55078125 0.21171875 0.165625 0.075
8 0.68203125 0.2171875 0.1375 0.06484375
19 0.32421875 0.415625 0.221875 0.08671875
15 0.69765625 0.453125 0.190625 0.09453125
62 0.48984375 0.4578125 0.140625 0.04140625