12 0.61796875 0.47421875 0.15 0.04375
29 0.41015625 0.56015625 0.16875 0.109375
19 0.76015625 0.6046875 0.196875 0.09140625
48 0.37421875 0.60859375 0.175 0.1
16 0.553125 0.6140625 0.225 0.071875
8 0.784375 0.88046875 0.16875 0.121875
36 0.4125 0.90859375 0.18125 0.0875
23 0.63359375 0.91640625 0.0875 0.08125
66 0.3609375 0.2015625 0.134375 0.0875
18 0.5921875 0.2125 0.1 0.05078125
62 0.7796875 0.23046875 0.125 0.0234375
31 0.671875 0.440625 0.103125 0.03203125
71 0.55625 0.44296875 0.15 0.075
43 0.73125 0.45703125 0.203125 0.053125
9 0.38515625 0.4625 0.1921875 0.053125