8 0.775 0.45703125 0.1 0.04296875
8 0.80859375 0.43828125 0.10546875 0.0265625
18 0.646875 0.4484375 0.09453125 0.053125
47 0.571875 0.81328125 0.0890625 0.153125
47 0.671875 0.8046875 0.0890625 0.15703125
51 0.75859375 0.86328125 0.06640625 0.046875
51 0.79140625 0.83671875 0.0609375 0.03359375
51 0.821875 0.875 0.06640625 0.03984375
51 0.771875 0.91015625 0.0609375 0.053125
25 0.7859375 0.221875 0.05 0.03671875
25 0.8390625 0.221875 0.04453125 0.03671875
25 0.74140625 0.225 0.04453125 0.0296875
13 0.40859375 0.228125 0.13359375 0.03984375