67 0.75078125 0.5609375 0.1125 0.13359375
29 0.32890625 0.5859375 0.1265625 0.14140625
36 0.61875 0.61484375 0.24921875 0.06875
62 0.45 0.62578125 0.12421875 0.05
47 0.65078125 0.81640625 0.1015625 0.1609375
37 0.3359375 0.84609375 0.05390625 0.0984375
5 0.6359375 0.91484375 0.17890625 0.090625
55 0.36328125 0.9234375 0.1703125 0.11875
29 0.328125 0.18203125 0.15078125 0.140625
66 0.68125 0.20546875 0.165625 0.0765625
67 0.75546875 0.41796875 0.1171875 0.128125
68 0.40703125 0.4421875 0.11875 0.084375