55 0.48203125 0.57890625 0.15625 0.075
68 0.7625 0.58984375 0.17578125 0.096875
48 0.58828125 0.6015625 0.1546875 0.07890625
21 0.38359375 0.628125 0.1109375 0.05078125
33 0.7203125 0.86796875 0.26015625 0.1046875
13 0.4046875 0.8765625 0.1375 0.08984375
29 0.7765625 0.19453125 0.10234375 0.09375
66 0.41015625 0.2109375 0.1859375 0.06640625
37 0.7484375 0.4171875 0.0625 0.10625
23 0.578125 0.446875 0.078125 0.07421875
64 0.7015625 0.44921875 0.303125 0.078125
62 0.42421875 0.46484375 0.1203125 0.034375