67 0.740625 0.56328125 0.1125 0.134375
29 0.340625 0.58671875 0.12578125 0.1203125
48 0.4625 0.5890625 0.14453125 0.09765625
71 0.6109375 0.6078125 0.15390625 0.08125
23 0.753125 0.61328125 0.08125 0.0671875
15 0.690625 0.82734375 0.15546875 0.103125
8 0.565625 0.8765625 0.17578125 0.10234375
9 0.38515625 0.88984375 0.1859375 0.1
16 0.7625 0.89609375 0.20625 0.1171875
47 0.515625 0.15859375 0.11171875 0.1796875
67 0.36953125 0.18203125 0.121875 0.128125
51 0.6703125 0.18984375 0.18125 0.1046875
68 0.515625 0.4484375 0.21796875 0.07890625
55 0.73671875 0.45 0.159375 0.07421875
31 0.3546875 0.46015625 0.096875 0.0546875