51 0.36953125 0.5890625 0.14375 0.09765625
15 0.52421875 0.590625 0.16875 0.1
18 0.69921875 0.59921875 0.1421875 0.0625
43 0.78125 0.8765625 0.146875 0.08125
71 0.40390625 0.88828125 0.16875 0.0859375
16 0.5265625 0.8875 0.10390625 0.09375
16 0.67265625 0.8953125 0.0859375 0.07890625
19 0.7609375 0.19921875 0.22265625 0.0859375
12 0.34921875 0.22734375 0.128125 0.0390625
62 0.50859375 0.2296875 0.1296875 0.03515625
66 0.37109375 0.4453125 0.153125 0.09140625
31 0.68359375 0.45078125 0.1015625 0.0578125
23 0.790625 0.44921875 0.078125 0.0671875
55 0.53828125 0.459375 0.16875 0.06953125