15 0.625 0.58125 0.16875 0.0984375
36 0.3203125 0.57109375 0.0734375 0.146875
67 0.7890625 0.59609375 0.1203125 0.146875
8 0.4375 0.58828125 0.1859375 0.0828125
48 0.66953125 0.5984375 0.1984375 0.09375
47 0.753125 0.82734375 0.0890625 0.15625
47 0.66015625 0.8265625 0.1078125 0.1671875
33 0.3859375 0.85859375 0.2140625 0.128125
62 0.55234375 0.87734375 0.115625 0.065625
5 0.73359375 0.89609375 0.1984375 0.096875
64 0.390625 0.1796875 0.25 0.1296875
51 0.8015625 0.2046875 0.1328125 0.1015625
71 0.66640625 0.21640625 0.1625 0.071875
16 0.48125 0.22109375 0.21875 0.0609375
19 0.41484375 0.44609375 0.2734375 0.090625
18 0.7234375 0.4640625 0.1515625 0.0640625