16 0.7125 0.47421875 0.0921875 0.034375
66 0.3890625 0.6078125 0.134375 0.06875
20 0.59375 0.609375 0.1703125 0.053125
12 0.796875 0.61875 0.11875 0.0390625
9 0.71015625 0.88515625 0.246875 0.065625
34 0.45078125 0.88515625 0.246875 0.075
29 0.61484375 0.1984375 0.1203125 0.0953125
19 0.41640625 0.2078125 0.1796875 0.071875
5 0.7796875 0.2171875 0.171875 0.0546875
47 0.38203125 0.409375 0.0953125 0.165625
23 0.7328125 0.44296875 0.0671875 0.053125
26 0.56484375 0.45546875 0.109375 0.05
16 0.834375 0.46328125 0.14375 0.0515625