21 0.57734375 0.4765625 0.13125 0.034375
29 0.428125 0.5703125 0.125 0.12109375
20 0.5796875 0.61015625 0.16484375 0.0578125
18 0.7671875 0.6171875 0.15234375 0.05625
67 0.771875 0.86484375 0.11953125 0.1375
33 0.653125 0.8703125 0.15078125 0.12109375
16 0.5 0.8703125 0.146875 0.09140625
66 0.371875 0.8703125 0.13125 0.09765625
48 0.471875 0.20546875 0.165625 0.0734375
55 0.8 0.225 0.14453125 0.059375
71 0.59921875 0.21796875 0.13125 0.0578125
47 0.69375 0.40546875 0.08671875 0.153125
23 0.7703125 0.453125 0.071875 0.0625
26 0.41953125 0.45078125 0.10625 0.053125