66 0.38828125 0.58203125 0.140625 0.0859375
19 0.75625 0.5953125 0.190625 0.1
16 0.55078125 0.61328125 0.23125 0.08125
34 0.7453125 0.89375 0.19140625 0.11171875
36 0.41796875 0.9125 0.178125 0.08203125
18 0.57578125 0.2078125 0.084375 0.05234375
55 0.38359375 0.21953125 0.1703125 0.0609375
31 0.70625 0.21015625 0.103125 0.059375
43 0.7921875 0.21171875 0.14609375 0.0484375
15 0.39921875 0.42109375 0.1640625 0.0625
37 0.74765625 0.4203125 0.0640625 0.12109375
71 0.565625 0.4421875 0.14296875 0.08125
68 0.40859375 0.4625 0.2796875 0.08671875