19 0.728125 0.57890625 0.21953125 0.10625
15 0.39140625 0.596875 0.1703125 0.10078125
55 0.53828125 0.5984375 0.1734375 0.084375
47 0.61171875 0.8203125 0.115625 0.16875
29 0.40859375 0.86953125 0.1515625 0.153125
5 0.75703125 0.8546875 0.1734375 0.10390625
47 0.7140625 0.15 0.09765625 0.14453125
67 0.33125 0.184375 0.11171875 0.134375
8 0.7296875 0.20390625 0.21484375 0.0703125
16 0.4890625 0.21953125 0.22265625 0.065625
68 0.7890625 0.43515625 0.11875 0.084375
68 0.6859375 0.44140625 0.08125 0.0515625
18 0.36640625 0.45859375 0.090625 0.06875
36 0.56171875 0.46171875 0.25 0.0515625