12 0.71015625 0.4609375 0.1234375 0.046875
29 0.4171875 0.5671875 0.15859375 0.12265625
19 0.76015625 0.59375 0.2046875 0.10078125
16 0.5609375 0.61015625 0.228125 0.0859375
8 0.803125 0.865625 0.18046875 0.115625
36 0.4171875 0.909375 0.184375 0.08125
23 0.6484375 0.9140625 0.1 0.090625
55 0.39921875 0.21171875 0.1671875 0.059375
18 0.57578125 0.209375 0.0828125 0.05546875
31 0.70625 0.21484375 0.11796875 0.0625
43 0.79375 0.2171875 0.1375 0.05
64 0.403125 0.41171875 0.259375 0.1796875
71 0.5671875 0.4421875 0.14375 0.084375