43 0.3484375 0.46484375 0.15859375 0.053125
67 0.74765625 0.5671875 0.1125 0.13984375
29 0.3359375 0.58203125 0.13359375 0.109375
18 0.559375 0.59453125 0.11328125 0.0703125
47 0.6359375 0.81640625 0.09609375 0.15625
37 0.3203125 0.83984375 0.05625 0.1
9 0.58828125 0.90390625 0.265625 0.08125
55 0.3578125 0.91796875 0.171875 0.1234375
12 0.75078125 0.95703125 0.1734375 0.08125
29 0.340625 0.17109375 0.18046875 0.146875
66 0.49375 0.20859375 0.165625 0.075
71 0.73671875 0.21796875 0.190625 0.071875
15 0.73515625 0.45 0.175 0.08828125
62 0.57109375 0.4671875 0.1234375 0.034375