21 0.378125 0.47421875 0.134375 0.0359375
19 0.596875 0.59140625 0.19921875 0.1171875
34 0.76953125 0.59765625 0.2015625 0.0671875
20 0.4046875 0.609375 0.18125 0.06953125
55 0.58046875 0.88828125 0.134375 0.0859375
62 0.7359375 0.890625 0.14609375 0.07578125
9 0.40390625 0.8984375 0.196875 0.1125
67 0.77578125 0.1703125 0.1125 0.13984375
8 0.58203125 0.19921875 0.1578125 0.0890625
66 0.4140625 0.21171875 0.146875 0.0703125
26 0.56171875 0.45234375 0.159375 0.0625
16 0.76328125 0.45390625 0.165625 0.0640625