36 0.74921875 0.4765625 0.209375 0.04140625
51 0.36796875 0.58125 0.1453125 0.103125
16 0.746875 0.61328125 0.20703125 0.1
12 0.5390625 0.6296875 0.12265625 0.059375
55 0.75390625 0.88984375 0.1828125 0.103125
43 0.4921875 0.884375 0.146875 0.090625
68 0.6234375 0.88984375 0.15234375 0.1171875
16 0.3640625 0.88203125 0.17890625 0.1296875
67 0.78359375 0.190625 0.1078125 0.1375
66 0.4546875 0.203125 0.16484375 0.07578125
71 0.6296875 0.21953125 0.17109375 0.0625
33 0.47578125 0.4421875 0.3109375 0.10859375