12 0.36953125 0.471875 0.15625 0.05703125
64 0.3703125 0.5765625 0.171875 0.15390625
43 0.7125 0.59453125 0.13046875 0.071875
33 0.578125 0.6015625 0.20703125 0.090625
48 0.58828125 0.8453125 0.1921875 0.10625
51 0.74609375 0.8703125 0.1515625 0.13125
8 0.42890625 0.896875 0.1765625 0.09375
67 0.359375 0.18203125 0.1125 0.13125
66 0.75390625 0.20078125 0.1484375 0.0734375
37 0.7515625 0.4203125 0.065625 0.11015625
71 0.609375 0.4453125 0.14453125 0.07109375
31 0.41875 0.453125 0.11953125 0.06171875