67 0.74921875 0.56796875 0.1140625 0.1359375
29 0.31796875 0.58046875 0.125 0.125
36 0.61328125 0.62109375 0.2515625 0.0671875
62 0.43828125 0.63046875 0.1359375 0.0640625
47 0.640625 0.8203125 0.0890625 0.1625
37 0.32265625 0.840625 0.0546875 0.1015625
51 0.4421875 0.85 0.1921875 0.0921875
55 0.36015625 0.91796875 0.159375 0.1125
5 0.61484375 0.92578125 0.1765625 0.09375
29 0.3296875 0.1671875 0.1875 0.15
66 0.6890625 0.21015625 0.1640625 0.0671875
67 0.75625 0.42578125 0.1171875 0.1265625
68 0.46328125 0.44140625 0.2375 0.0765625