5 0.58984375 0.58984375 0.1921875 0.109375
20 0.78125 0.59296875 0.2234375 0.0828125
34 0.41015625 0.61328125 0.1984375 0.08125
9 0.6546875 0.878125 0.21875 0.1140625
33 0.428125 0.8984375 0.225 0.13125
21 0.80390625 0.8828125 0.134375 0.0890625
55 0.74453125 0.19296875 0.2171875 0.0796875
66 0.37109375 0.215625 0.134375 0.0703125
18 0.534375 0.21015625 0.1453125 0.0640625
19 0.74609375 0.425 0.196875 0.1046875
13 0.40234375 0.4515625 0.171875 0.0640625
26 0.528125 0.45078125 0.1359375 0.0578125