71 0.55703125 0.60234375 0.1609375 0.096875
19 0.753125 0.6 0.215625 0.09453125
12 0.37421875 0.62421875 0.1359375 0.0484375
64 0.79375 0.846875 0.15625 0.225
48 0.65625 0.8671875 0.14296875 0.10859375
18 0.575 0.2109375 0.084375 0.05
31 0.7015625 0.2140625 0.10390625 0.046875
43 0.79375 0.21640625 0.128125 0.0390625
37 0.740625 0.4140625 0.0625 0.09140625
15 0.39453125 0.43984375 0.171875 0.0890625
33 0.7859375 0.4421875 0.1625 0.07890625
16 0.6125 0.45859375 0.19296875 0.0625
68 0.39921875 0.46484375 0.25 0.075