21 0.57578125 0.471875 0.13125 0.034375
29 0.4328125 0.575 0.125 0.11953125
20 0.5875 0.60390625 0.16328125 0.0578125
18 0.775 0.5984375 0.15078125 0.05625
67 0.796875 0.8453125 0.11953125 0.1375
33 0.678125 0.85859375 0.15078125 0.1203125
16 0.5265625 0.86953125 0.146875 0.0921875
66 0.3984375 0.878125 0.13125 0.09921875
48 0.4515625 0.2078125 0.165625 0.07265625
55 0.7796875 0.2046875 0.14609375 0.059375
71 0.57890625 0.21171875 0.13125 0.0578125
47 0.68671875 0.3921875 0.0859375 0.153125
23 0.76640625 0.434375 0.071875 0.0625
26 0.41640625 0.45703125 0.10625 0.053125