21 0.6515625 0.478125 0.115625 0.040625
66 0.54453125 0.58203125 0.1515625 0.0703125
55 0.51015625 0.6109375 0.2125 0.08125
20 0.71796875 0.6265625 0.221875 0.05859375
67 0.5765625 0.865625 0.128125 0.14453125
33 0.7390625 0.875 0.225 0.11953125
62 0.42109375 0.8796875 0.134375 0.075
29 0.8015625 0.21171875 0.11484375 0.103125
15 0.62421875 0.20703125 0.19375 0.0890625
26 0.47890625 0.2140625 0.1203125 0.053125
47 0.37734375 0.43359375 0.128125 0.08125
48 0.778125 0.4640625 0.16171875 0.07734375
18 0.52265625 0.4515625 0.084375 0.05234375