8 0.434375 0.59140625 0.17578125 0.1015625
19 0.759375 0.596875 0.20546875 0.10078125
71 0.56171875 0.603125 0.159375 0.09296875
23 0.35234375 0.63125 0.0953125 0.08203125
51 0.7828125 0.846875 0.128125 0.115625
66 0.52734375 0.8734375 0.13125 0.09765625
55 0.66171875 0.8703125 0.1328125 0.10234375
9 0.38984375 0.896875 0.1296875 0.07421875
18 0.565625 0.21015625 0.08125 0.05
31 0.6984375 0.209375 0.115625 0.05078125
43 0.79296875 0.21328125 0.115625 0.0390625
15 0.390625 0.4140625 0.19375 0.05
37 0.7421875 0.4078125 0.06015625 0.0875
33 0.78828125 0.4453125 0.171875 0.10625
16 0.61875 0.453125 0.19296875 0.06796875
68 0.3984375 0.46328125 0.265625 0.0875