29 0.3578125 0.58046875 0.0796875 0.1078125
33 0.5453125 0.59765625 0.2328125 0.0875
21 0.7546875 0.61015625 0.115625 0.0515625
67 0.5609375 0.83046875 0.1046875 0.13125
71 0.7015625 0.8640625 0.1765625 0.078125
67 0.4125 0.865625 0.11875 0.1359375
66 0.65390625 0.2109375 0.128125 0.0671875
16 0.4296875 0.22109375 0.2421875 0.0390625
43 0.7953125 0.2234375 0.1265625 0.040625
5 0.75234375 0.45234375 0.1796875 0.0625
34 0.40546875 0.4578125 0.1796875 0.0671875
13 0.57890625 0.46015625 0.1359375 0.05625