23 0.65625 0.5671875 0.075 0.0625
33 0.5375 0.59765625 0.21953125 0.090625
21 0.753125 0.596875 0.12421875 0.05546875
67 0.5765625 0.82734375 0.109375 0.140625
71 0.721875 0.85 0.18125 0.096875
29 0.41484375 0.88671875 0.15625 0.121875
67 0.50390625 0.1765625 0.1296875 0.14609375
66 0.784375 0.19296875 0.14375 0.06875
16 0.3546875 0.22421875 0.12109375 0.0546875
43 0.6390625 0.2140625 0.14375 0.05390625
5 0.403125 0.453125 0.1875 0.08046875
13 0.76484375 0.4390625 0.1421875 0.06484375
34 0.59375 0.45625 0.190625 0.0625