9 0.7734375 0.4625 0.21484375 0.05703125
51 0.371875 0.5875 0.15703125 0.109375
64 0.53671875 0.60546875 0.3109375 0.103125
31 0.7421875 0.6109375 0.10234375 0.0625
48 0.5765625 0.85546875 0.17734375 0.1
29 0.5859375 0.87421875 0.13515625 0.15
23 0.71796875 0.89296875 0.0765625 0.0734375
33 0.37890625 0.92109375 0.2 0.128125
67 0.3671875 0.18125 0.1125 0.13046875
66 0.7625 0.20390625 0.14453125 0.0703125
8 0.57890625 0.2140625 0.1890625 0.06015625
71 0.56171875 0.44296875 0.1671875 0.078125
34 0.4015625 0.46484375 0.19609375 0.0640625