16 0.621875 0.48125 0.1078125 0.040625
29 0.44453125 0.5484375 0.153125 0.11875
15 0.5875 0.58046875 0.1796875 0.0984375
23 0.7625 0.6015625 0.0828125 0.0640625
19 0.434375 0.60390625 0.278125 0.103125
12 0.68671875 0.62109375 0.1453125 0.053125
47 0.7484375 0.83515625 0.109375 0.1515625
67 0.63984375 0.853125 0.1265625 0.1515625
47 0.796875 0.86484375 0.103125 0.171875
68 0.34296875 0.88828125 0.1796875 0.1328125
55 0.5078125 0.9203125 0.1640625 0.1171875
8 0.7453125 0.928125 0.1828125 0.125
64 0.3625 0.1515625 0.196875 0.1953125
67 0.5453125 0.18125 0.13125 0.14375
51 0.68359375 0.20390625 0.125 0.0921875
31 0.8109375 0.22890625 0.10625 0.0484375
33 0.7875 0.4328125 0.1703125 0.14375
66 0.56796875 0.43671875 0.121875 0.0828125
37 0.34140625 0.43125 0.0671875 0.1203125
71 0.44296875 0.4484375 0.1546875 0.0796875
16 0.74296875 0.47109375 0.1359375 0.0734375