68 0.43125 0.59921875 0.246875 0.0984375
13 0.69453125 0.6046875 0.2 0.071875
66 0.4203125 0.859375 0.134375 0.08046875
20 0.58515625 0.8734375 0.1953125 0.10234375
62 0.79609375 0.8875 0.15625 0.07421875
29 0.40703125 0.18046875 0.1421875 0.1359375
18 0.7515625 0.1890625 0.08359375 0.0875
47 0.50078125 0.3953125 0.0890625 0.146875
67 0.3921875 0.4078125 0.12265625 0.11875
33 0.77578125 0.446875 0.1828125 0.08203125
5 0.5640625 0.45234375 0.19765625 0.075
34 0.3734375 0.46640625 0.19765625 0.0625