5 0.3921875 0.590625 0.1828125 0.078125
66 0.56875 0.5984375 0.1359375 0.075
20 0.75390625 0.625 0.2 0.0765625
15 0.7265625 0.8734375 0.1609375 0.1140625
13 0.55 0.88125 0.1625 0.0875
33 0.38203125 0.88828125 0.1828125 0.115625
67 0.790625 0.18359375 0.1203125 0.146875
26 0.3625 0.2109375 0.1203125 0.05
71 0.51171875 0.21875 0.2125 0.05625
64 0.39140625 0.40625 0.1890625 0.15625
37 0.53671875 0.4203125 0.06875 0.103125
51 0.7546875 0.44140625 0.184375 0.109375
68 0.59140625 0.45 0.2390625 0.084375