16 0.62734375 0.46640625 0.1109375 0.034375
29 0.4484375 0.553125 0.1453125 0.1046875
15 0.5984375 0.575 0.16875 0.09375
23 0.7640625 0.578125 0.0953125 0.06875
19 0.44453125 0.60546875 0.2875 0.1125
12 0.70078125 0.609375 0.1453125 0.053125
47 0.77421875 0.81484375 0.096875 0.1453125
67 0.66484375 0.83828125 0.1046875 0.134375
55 0.415625 0.84765625 0.1390625 0.0828125
47 0.8171875 0.84921875 0.1078125 0.1828125
8 0.7890625 0.90625 0.2015625 0.128125
68 0.39140625 0.92421875 0.2 0.128125
9 0.5640625 0.92265625 0.1421875 0.084375
64 0.33984375 0.1609375 0.1953125 0.19375
67 0.5203125 0.1765625 0.1234375 0.1453125
51 0.665625 0.18671875 0.153125 0.096875
31 0.7953125 0.2125 0.09375 0.05
33 0.778125 0.4109375 0.1625 0.15
37 0.33125 0.440625 0.0609375 0.121875
66 0.5671875 0.43359375 0.11875 0.0765625
5 0.4359375 0.45625 0.159375 0.078125
16 0.74375 0.45390625 0.13125 0.0765625