18 0.4296875 0.59375 0.134375 0.053125
68 0.7640625 0.5890625 0.16640625 0.096875
48 0.603125 0.5984375 0.14296875 0.08359375
64 0.7796875 0.84921875 0.18515625 0.1796875
13 0.4390625 0.87578125 0.159375 0.08125
9 0.61796875 0.8765625 0.1859375 0.10859375
55 0.4703125 0.2109375 0.178125 0.06875
23 0.353125 0.215625 0.08828125 0.065625
8 0.753125 0.21171875 0.15 0.0609375
62 0.6328125 0.2296875 0.15859375 0.028125
37 0.79296875 0.42734375 0.0671875 0.115625
71 0.634375 0.44296875 0.20703125 0.0890625