8 0.421875 0.5828125 0.15 0.09375
19 0.7484375 0.61328125 0.203125 0.0984375
71 0.55625 0.6078125 0.16171875 0.09140625
23 0.3328125 0.61484375 0.078125 0.06875
55 0.6328125 0.86953125 0.14609375 0.1
51 0.7546875 0.8765625 0.140625 0.13359375
66 0.496875 0.87109375 0.14453125 0.10625
9 0.35546875 0.8921875 0.1546875 0.10625
18 0.584375 0.21484375 0.08125 0.053125
31 0.721875 0.2265625 0.11328125 0.05625
43 0.80390625 0.2328125 0.1328125 0.03984375
37 0.74765625 0.4140625 0.059375 0.06640625
15 0.384375 0.4421875 0.20546875 0.1
33 0.7796875 0.45859375 0.19140625 0.0953125
16 0.61796875 0.46484375 0.1984375 0.065625