26 0.42578125 0.60390625 0.146875 0.059375
18 0.73515625 0.596875 0.09375 0.053125
21 0.59921875 0.62109375 0.134375 0.0515625
37 0.8390625 0.878125 0.07734375 0.12421875
20 0.6609375 0.8890625 0.275 0.08984375
8 0.41015625 0.91875 0.2046875 0.109375
47 0.77734375 0.15 0.10625 0.18046875
55 0.57890625 0.20703125 0.1453125 0.0734375
23 0.403125 0.221875 0.08125 0.05546875
67 0.72265625 0.4109375 0.10625 0.14765625
48 0.59296875 0.43359375 0.1453125 0.084375
71 0.434375 0.44609375 0.19921875 0.0921875