19 0.434375 0.58984375 0.19296875 0.08125
71 0.76953125 0.59921875 0.140625 0.065625
13 0.62890625 0.6140625 0.153125 0.06640625
67 0.80625 0.8328125 0.096875 0.1375
29 0.378125 0.8359375 0.103125 0.12734375
33 0.57734375 0.8703125 0.2125 0.10234375
43 0.70546875 0.90859375 0.065625 0.059375
43 0.8265625 0.9265625 0.06484375 0.04765625
55 0.7984375 0.2234375 0.15390625 0.059375
62 0.67109375 0.2296875 0.1515625 0.03515625
47 0.7453125 0.40078125 0.10625 0.1515625
51 0.8078125 0.44140625 0.15625 0.096875
15 0.6546875 0.440625 0.159375 0.090625
34 0.45078125 0.4546875 0.196875 0.053125