67 0.74609375 0.553125 0.121875 0.1375
29 0.34375 0.59453125 0.13046875 0.1140625
51 0.465625 0.603125 0.15703125 0.10703125
71 0.61875 0.60234375 0.153125 0.09375
23 0.759375 0.6046875 0.08203125 0.07109375
15 0.70546875 0.81953125 0.1578125 0.1078125
8 0.58046875 0.875 0.1796875 0.10625
9 0.4015625 0.89296875 0.18984375 0.1046875
16 0.7828125 0.88671875 0.22109375 0.1203125
47 0.51015625 0.15859375 0.1140625 0.184375
67 0.3609375 0.18671875 0.13359375 0.13125
12 0.72578125 0.2109375 0.15625 0.04765625
68 0.51484375 0.44921875 0.2140625 0.0828125
55 0.7328125 0.440625 0.16875 0.078125
31 0.3546875 0.4671875 0.09609375 0.059375