29 0.584375 0.590625 0.15078125 0.10078125
71 0.73046875 0.59140625 0.14375 0.078125
33 0.3875 0.60859375 0.25546875 0.090625
15 0.69453125 0.8359375 0.1609375 0.10859375
9 0.38515625 0.88359375 0.1625 0.0890625
18 0.5984375 0.8875 0.1125 0.06953125
67 0.34453125 0.1796875 0.1125 0.14140625
67 0.596875 0.1859375 0.125 0.13359375
19 0.75703125 0.20390625 0.2109375 0.0796875
5 0.46875 0.21875 0.16953125 0.059375
48 0.7015625 0.4375 0.19375 0.0875
16 0.53046875 0.4609375 0.1921875 0.059375
62 0.35546875 0.4625 0.1375 0.04296875
23 0.75703125 0.46328125 0.0859375 0.075