51 0.375 0.590625 0.140625 0.09921875
19 0.7578125 0.6015625 0.20625 0.09765625
12 0.55 0.62578125 0.125 0.05625
68 0.64375 0.87265625 0.14375 0.1171875
55 0.76953125 0.8765625 0.1609375 0.10859375
43 0.5140625 0.88125 0.15 0.090625
16 0.3828125 0.88828125 0.1875 0.125
67 0.7921875 0.171875 0.134375 0.146875
66 0.6515625 0.20078125 0.165625 0.0921875
18 0.3921875 0.2125 0.1125 0.04921875
33 0.45078125 0.4453125 0.25 0.10234375
71 0.58359375 0.4546875 0.1796875 0.07109375
31 0.7109375 0.45234375 0.09765625 0.0609375
23 0.790625 0.453125 0.08046875 0.06875