8 0.4171875 0.5828125 0.140625 0.1046875
19 0.74921875 0.61171875 0.20625 0.0984375
71 0.55625 0.60703125 0.1609375 0.090625
23 0.340625 0.6140625 0.090625 0.06875
51 0.734375 0.86953125 0.1359375 0.115625
55 0.41171875 0.85859375 0.234375 0.071875
66 0.35546875 0.91796875 0.1859375 0.1109375
36 0.57265625 0.95 0.1953125 0.096875
18 0.55234375 0.21171875 0.0828125 0.0578125
31 0.70703125 0.21875 0.10625 0.0515625
43 0.7984375 0.23203125 0.1328125 0.0390625
62 0.37734375 0.22421875 0.140625 0.040625
37 0.75 0.4234375 0.06875 0.0890625
67 0.55703125 0.4203125 0.11875 0.1359375
33 0.76875 0.45546875 0.215625 0.096875
15 0.41796875 0.446875 0.1859375 0.1015625
68 0.61015625 0.46796875 0.0796875 0.0546875