48 0.7859375 0.590625 0.14765625 0.09453125
8 0.6453125 0.6140625 0.175 0.07890625
36 0.41484375 0.62578125 0.2046875 0.05625
43 0.71953125 0.86640625 0.0578125 0.0421875
43 0.81484375 0.878125 0.0921875 0.08125
5 0.61953125 0.8828125 0.103125 0.10859375
64 0.4359375 0.8984375 0.26875 0.146875
5 0.7515625 0.9078125 0.0875 0.06640625
51 0.78984375 0.1921875 0.1421875 0.09609375
16 0.6546875 0.21953125 0.16484375 0.0421875
12 0.35 0.2265625 0.13203125 0.03984375
62 0.5125 0.22578125 0.128125 0.03125
19 0.41484375 0.44921875 0.2765625 0.0859375
18 0.6859375 0.4546875 0.10625 0.059375