51 0.371875 0.5859375 0.140625 0.09765625
19 0.7546875 0.6109375 0.20625 0.09765625
12 0.5453125 0.62734375 0.125 0.05625
68 0.63125 0.87734375 0.14375 0.1171875
55 0.75625 0.8859375 0.16171875 0.10859375
43 0.5 0.88125 0.15 0.090625
16 0.36875 0.88359375 0.1875 0.125
67 0.803125 0.1828125 0.134375 0.146875
66 0.6625 0.20625 0.165625 0.09296875
18 0.4015625 0.209375 0.1125 0.04921875
33 0.45234375 0.44375 0.25 0.10078125
71 0.58515625 0.4578125 0.1796875 0.07109375
31 0.7125 0.46015625 0.09921875 0.0609375
23 0.7921875 0.4640625 0.07890625 0.06875