67 0.74296875 0.56171875 0.109375 0.1359375
29 0.3375 0.5875 0.11796875 0.128125
51 0.45859375 0.6015625 0.15 0.109375
23 0.75390625 0.61328125 0.08125 0.0671875
15 0.69296875 0.828125 0.153125 0.103125
37 0.34453125 0.846875 0.059375 0.1
8 0.5640625 0.8765625 0.178125 0.09765625
43 0.73203125 0.9078125 0.1921875 0.07265625
36 0.39375 0.93984375 0.234375 0.096875
47 0.51484375 0.1609375 0.1125 0.178125
67 0.3703125 0.1828125 0.12734375 0.128125
12 0.73125 0.21953125 0.15 0.0421875
68 0.5078125 0.45078125 0.215625 0.084375
55 0.73046875 0.45234375 0.171875 0.08125
31 0.35390625 0.4609375 0.09375 0.05625