62 0.375 0.46484375 0.14375 0.046875
51 0.36328125 0.5765625 0.15625 0.115625
31 0.7359375 0.6265625 0.11015625 0.06875
34 0.54375 0.6203125 0.19375 0.07890625
48 0.5578125 0.8625 0.20390625 0.096875
29 0.5609375 0.88203125 0.171875 0.1640625
23 0.6890625 0.90703125 0.078125 0.0765625
33 0.346875 0.9125 0.21171875 0.13203125
67 0.390625 0.17109375 0.1125 0.13125
66 0.77890625 0.22421875 0.1390625 0.075
8 0.6 0.21796875 0.190625 0.0640625
47 0.578125 0.40703125 0.10546875 0.16875
12 0.76484375 0.47421875 0.1578125 0.0578125