8 0.421875 0.5875 0.13828125 0.10078125
19 0.7546875 0.5984375 0.20390625 0.09375
71 0.56171875 0.60390625 0.159375 0.0875
23 0.346875 0.621875 0.08828125 0.06796875
51 0.753125 0.85625 0.134375 0.11328125
55 0.43046875 0.86328125 0.234375 0.0671875
66 0.37734375 0.925 0.184375 0.10703125
36 0.5953125 0.9484375 0.19140625 0.09765625
18 0.5375 0.209375 0.08125 0.05625
31 0.6921875 0.20859375 0.10625 0.05
43 0.784375 0.2171875 0.13203125 0.03515625
62 0.36328125 0.23125 0.140625 0.0375
37 0.7453125 0.4109375 0.06640625 0.08984375
67 0.55234375 0.41796875 0.1171875 0.134375
33 0.76640625 0.44140625 0.2140625 0.09375
15 0.415625 0.4515625 0.184375 0.09765625
68 0.6078125 0.4625 0.078125 0.053125