9 0.7765625 0.47734375 0.2140625 0.059375
51 0.365625 0.578125 0.153125 0.1125
64 0.51796875 0.6 0.26875 0.096875
33 0.75859375 0.60859375 0.246875 0.103125
48 0.56640625 0.85546875 0.2 0.103125
37 0.70546875 0.875 0.065625 0.0984375
55 0.37421875 0.88828125 0.1734375 0.1171875
68 0.67109375 0.92734375 0.3515625 0.1421875
66 0.7703125 0.21484375 0.1484375 0.071875
43 0.38984375 0.2171875 0.1359375 0.0453125
12 0.5859375 0.225 0.1421875 0.046875
71 0.5625 0.44453125 0.1671875 0.0828125
18 0.4015625 0.4484375 0.1453125 0.0640625