18 0.43046875 0.59609375 0.1296875 0.0578125
68 0.76484375 0.58203125 0.171875 0.1015625
48 0.60546875 0.59375 0.1453125 0.08671875
21 0.43046875 0.64140625 0.2453125 0.0484375
9 0.69609375 0.85625 0.271875 0.09375
13 0.46171875 0.871875 0.1671875 0.08671875
29 0.78203125 0.178125 0.1703125 0.11875
55 0.41953125 0.215625 0.1859375 0.07578125
62 0.6421875 0.22421875 0.18125 0.034375
37 0.74765625 0.40859375 0.065625 0.109375
23 0.5828125 0.440625 0.08359375 0.07421875
64 0.703125 0.44296875 0.29375 0.0828125
8 0.42265625 0.459375 0.215625 0.071875