9 0.77265625 0.4578125 0.215625 0.06015625
51 0.3734375 0.58984375 0.159375 0.1109375
64 0.5390625 0.6046875 0.3125 0.10859375
31 0.74375 0.60625 0.103125 0.06328125
48 0.5828125 0.8546875 0.178125 0.103125
29 0.59296875 0.87265625 0.1375 0.1515625
23 0.725 0.8890625 0.078125 0.075
33 0.38671875 0.92265625 0.203125 0.13125
67 0.36171875 0.18359375 0.1140625 0.13125
66 0.7578125 0.19921875 0.146875 0.0734375
8 0.5734375 0.2125 0.18984375 0.06328125
71 0.56015625 0.44140625 0.16875 0.08125
34 0.40078125 0.46640625 0.196875 0.0671875