67 0.74296875 0.565625 0.115625 0.13125
29 0.3390625 0.5859375 0.125 0.1078125
51 0.46015625 0.6015625 0.153125 0.1
71 0.61328125 0.60859375 0.1484375 0.0859375
23 0.75390625 0.61796875 0.0796875 0.065625
15 0.68828125 0.8296875 0.153125 0.1
8 0.5609375 0.87890625 0.175 0.096875
9 0.38125 0.8875 0.184375 0.0953125
16 0.7625 0.90078125 0.215625 0.109375
47 0.528125 0.159375 0.10625 0.1796875
67 0.37734375 0.1796875 0.125 0.125
12 0.740625 0.2234375 0.1546875 0.040625
68 0.5171875 0.45 0.209375 0.071875
55 0.7359375 0.453125 0.165625 0.0703125
31 0.35625 0.459375 0.0921875 0.053125