33 0.64296875 0.5453125 0.25 0.0875
64 0.63203125 0.58359375 0.2484375 0.1078125
62 0.31953125 0.609375 0.128125 0.04921875
51 0.30859375 0.88125 0.1265625 0.10078125
12 0.46953125 0.87890625 0.1609375 0.0640625
37 0.42109375 0.2 0.0578125 0.10546875
66 0.27109375 0.2171875 0.1671875 0.084375
71 0.53125 0.2078125 0.16328125 0.07890625
8 0.65546875 0.20859375 0.1390625 0.065625
29 0.29609375 0.4453125 0.109375 0.10390625
48 0.43125 0.44453125 0.1375 0.0890625
15 0.684375 0.4359375 0.20703125 0.10859375
23 0.53046875 0.45859375 0.0828125 0.0671875