5 0.39921875 0.59375 0.1828125 0.06875
13 0.53828125 0.61328125 0.184375 0.06875
21 0.73984375 0.6203125 0.1265625 0.05
18 0.39921875 0.87265625 0.1375 0.05625
66 0.58984375 0.875 0.1203125 0.0796875
20 0.7671875 0.90546875 0.2109375 0.1046875
67 0.78125 0.17578125 0.115625 0.1359375
71 0.50234375 0.21171875 0.215625 0.0625
26 0.35546875 0.215625 0.115625 0.046875
64 0.390625 0.41328125 0.1890625 0.146875
37 0.53359375 0.42109375 0.065625 0.103125
51 0.759375 0.43046875 0.18125 0.103125
68 0.590625 0.446875 0.221875 0.075