62 0.3390625 0.4625 0.140625 0.03828125
67 0.7375 0.57578125 0.11328125 0.134375
48 0.44609375 0.5890625 0.1515625 0.09765625
29 0.33828125 0.58515625 0.11875 0.1375
71 0.6015625 0.61171875 0.16875 0.1
15 0.67578125 0.834375 0.1546875 0.103125
9 0.36640625 0.88359375 0.1890625 0.103125
64 0.53046875 0.89375 0.271875 0.14921875
16 0.7375 0.90546875 0.21796875 0.1171875
67 0.59921875 0.1859375 0.1171875 0.12265625
19 0.75 0.20625 0.221875 0.08828125
66 0.37734375 0.20234375 0.1640625 0.0890625
23 0.39765625 0.44375 0.075 0.06328125
55 0.7375 0.45859375 0.15625 0.06875
68 0.51875 0.45078125 0.21171875 0.0734375