62 0.53125 0.47109375 0.14375 0.040625
51 0.375 0.59453125 0.1484375 0.1046875
18 0.70703125 0.59296875 0.1515625 0.065625
19 0.56328125 0.87578125 0.196875 0.1203125
43 0.7953125 0.86796875 0.153125 0.084375
16 0.403125 0.8921875 0.1984375 0.140625
67 0.778125 0.15703125 0.140625 0.1421875
66 0.6359375 0.19140625 0.1578125 0.096875
8 0.36015625 0.22578125 0.2171875 0.08125
15 0.38828125 0.44453125 0.1796875 0.09375
31 0.70625 0.44296875 0.109375 0.0671875
23 0.7921875 0.440625 0.0828125 0.0703125