8 0.4234375 0.58671875 0.16640625 0.1
19 0.75390625 0.609375 0.2046875 0.09375
71 0.5578125 0.60546875 0.16015625 0.0875
51 0.73984375 0.8640625 0.1484375 0.115625
55 0.4796875 0.87109375 0.14140625 0.075
15 0.3625 0.8984375 0.16796875 0.115625
64 0.37734375 0.18359375 0.25625 0.125
31 0.703125 0.21953125 0.09921875 0.059375
43 0.79609375 0.228125 0.1328125 0.04375
62 0.5703125 0.23046875 0.128125 0.040625
67 0.55625 0.41796875 0.11953125 0.134375
37 0.35625 0.42265625 0.06328125 0.1046875
5 0.7140625 0.45546875 0.17734375 0.071875
18 0.3953125 0.45390625 0.121875 0.059375