19 0.434375 0.58984375 0.19296875 0.08125
20 0.7859375 0.6109375 0.16640625 0.05234375
13 0.62890625 0.6140625 0.153125 0.06640625
33 0.64140625 0.8375 0.1859375 0.11171875
29 0.4875 0.8375 0.103125 0.12578125
71 0.77578125 0.91875 0.153125 0.075
55 0.7984375 0.2234375 0.15390625 0.059375
26 0.44765625 0.22109375 0.15 0.05
62 0.67109375 0.2296875 0.1515625 0.03515625
47 0.73828125 0.40078125 0.10625 0.1515625
51 0.79375 0.44375 0.15625 0.096875
34 0.45078125 0.4546875 0.196875 0.053125
43 0.64921875 0.4609375 0.13125 0.05