29 0.4453125 0.5671875 0.14609375 0.13125
15 0.58671875 0.578125 0.1671875 0.09375
23 0.72265625 0.60859375 0.0875 0.0734375
47 0.76015625 0.8328125 0.1125 0.165625
47 0.803125 0.8578125 0.10078125 0.171875
68 0.3703125 0.88203125 0.17734375 0.1234375
55 0.62421875 0.88359375 0.2078125 0.1015625
64 0.3546875 0.15546875 0.16015625 0.1671875
67 0.540625 0.175 0.134375 0.13203125
51 0.68125 0.1984375 0.14296875 0.096875
31 0.81171875 0.221875 0.0921875 0.05078125
33 0.78828125 0.425 0.1484375 0.134375
66 0.5734375 0.43828125 0.121875 0.0765625
37 0.3359375 0.440625 0.07109375 0.11328125
71 0.44453125 0.4484375 0.15 0.06640625
16 0.6875 0.459375 0.240625 0.065625