29 0.35703125 0.58515625 0.09375 0.11875
66 0.5125 0.5953125 0.13125 0.08515625
21 0.7515625 0.6 0.12265625 0.05078125
67 0.56875 0.82734375 0.10703125 0.140625
71 0.70703125 0.853125 0.1765625 0.08125
67 0.41328125 0.8703125 0.1203125 0.1375
5 0.409375 0.2140625 0.20078125 0.07109375
33 0.61328125 0.2140625 0.2015625 0.05859375
43 0.76953125 0.2140625 0.1296875 0.04375
13 0.58203125 0.45078125 0.1515625 0.0671875
34 0.39453125 0.46015625 0.1796875 0.0703125
16 0.7359375 0.45234375 0.15859375 0.0640625