19 0.73046875 0.5828125 0.21875 0.103125
55 0.54296875 0.6046875 0.1609375 0.07734375
62 0.4 0.6140625 0.11875 0.06015625
47 0.67421875 0.81171875 0.1 0.165625
23 0.3703125 0.87421875 0.07265625 0.071875
67 0.596875 0.8734375 0.11328125 0.15234375
37 0.39140625 0.8953125 0.0625 0.11015625
67 0.396875 0.18125 0.11171875 0.134375
18 0.71171875 0.20234375 0.0859375 0.0421875
68 0.68828125 0.440625 0.06875 0.046875
68 0.79453125 0.43984375 0.11875 0.08125
66 0.39140625 0.45625 0.1484375 0.084375
33 0.584375 0.4578125 0.253125 0.071875