18 0.52734375 0.59765625 0.1453125 0.0640625
26 0.734375 0.59609375 0.125 0.0546875
47 0.375 0.60234375 0.10546875 0.0953125
64 0.44375 0.80390625 0.23828125 0.146875
62 0.75078125 0.8515625 0.1296875 0.07109375
9 0.5796875 0.88515625 0.21875 0.1125
55 0.38125 0.89609375 0.13671875 0.0859375
71 0.61875 0.209375 0.16953125 0.06328125
12 0.7859375 0.2171875 0.15625 0.046875
16 0.41875 0.22734375 0.24296875 0.0359375
67 0.71015625 0.43984375 0.1984375 0.0828125
34 0.471875 0.46015625 0.290625 0.0609375