9 0.7375 0.4578125 0.23046875 0.06015625
67 0.7421875 0.559375 0.10859375 0.13828125
29 0.33359375 0.59140625 0.125 0.1203125
51 0.45703125 0.60078125 0.153125 0.1046875
8 0.6328125 0.60546875 0.196875 0.0890625
23 0.7546875 0.609375 0.08125 0.06875
15 0.696875 0.82265625 0.15546875 0.103125
37 0.34921875 0.8484375 0.0609375 0.10234375
12 0.56171875 0.8875 0.1421875 0.084375
43 0.73125 0.89765625 0.209375 0.090625
36 0.4015625 0.940625 0.23515625 0.103125
62 0.66484375 0.959375 0.165625 0.06953125
47 0.5015625 0.1625 0.11640625 0.19375
67 0.36484375 0.184375 0.1265625 0.13125
55 0.68046875 0.2109375 0.1640625 0.06875
68 0.51015625 0.44921875 0.221875 0.0953125
31 0.3515625 0.4640625 0.09765625 0.05859375