51 0.59921875 0.58671875 0.128125 0.0890625
23 0.43046875 0.609375 0.0859375 0.07421875
31 0.35546875 0.61953125 0.0953125 0.065625
47 0.734375 0.821875 0.10703125 0.171875
47 0.66953125 0.84375 0.0984375 0.16875
12 0.5375 0.8765625 0.12578125 0.06875
29 0.378125 0.8796875 0.121875 0.134375
29 0.534375 0.17734375 0.146875 0.1375
5 0.7578125 0.20703125 0.18359375 0.0671875
62 0.35859375 0.228125 0.134375 0.03828125
66 0.6328125 0.44296875 0.17734375 0.075
18 0.44296875 0.44765625 0.1390625 0.0625