5 0.39921875 0.5953125 0.1796875 0.071875
13 0.53984375 0.6125 0.1796875 0.075
20 0.759375 0.61484375 0.196875 0.075
33 0.7140625 0.85546875 0.1515625 0.1234375
18 0.40546875 0.87421875 0.134375 0.065625
66 0.5984375 0.87421875 0.1234375 0.0796875
67 0.77734375 0.1703125 0.1171875 0.140625
71 0.49765625 0.21171875 0.21875 0.06875
26 0.34921875 0.21875 0.1171875 0.0484375
64 0.39375 0.415625 0.19375 0.146875
37 0.52890625 0.415625 0.071875 0.096875
51 0.75625 0.42734375 0.1875 0.10625
68 0.5890625 0.4453125 0.234375 0.078125