19 0.59609375 0.58359375 0.1859375 0.1109375
34 0.77578125 0.596875 0.203125 0.07421875
20 0.4078125 0.609375 0.18515625 0.06953125
55 0.5859375 0.88359375 0.1375 0.0765625
62 0.740625 0.884375 0.15703125 0.08125
9 0.4140625 0.90078125 0.184375 0.109375
67 0.7703125 0.16640625 0.12265625 0.140625
64 0.3984375 0.21171875 0.275 0.084375
5 0.63203125 0.20703125 0.19375 0.0671875
66 0.378125 0.45546875 0.13125 0.078125
26 0.5640625 0.45234375 0.12890625 0.065625
16 0.73984375 0.45234375 0.1625 0.0625