26 0.57109375 0.60546875 0.115625 0.0578125
20 0.77734375 0.6109375 0.2203125 0.075
9 0.39765625 0.61171875 0.20625 0.071875
34 0.5875 0.89609375 0.26328125 0.08125
21 0.77421875 0.903125 0.1296875 0.08203125
37 0.82109375 0.1984375 0.078125 0.103125
66 0.39375 0.20625 0.15625 0.06953125
23 0.73359375 0.21953125 0.0828125 0.05625
18 0.57578125 0.22109375 0.1 0.0484375
51 0.44140625 0.42734375 0.13125 0.1046875
19 0.79609375 0.44609375 0.2140625 0.0953125
13 0.60078125 0.45625 0.1390625 0.05703125