71 0.72265625 0.59765625 0.14375 0.0859375
29 0.5765625 0.59375 0.16875 0.109375
64 0.396875 0.60390625 0.2625 0.0921875
15 0.67578125 0.83515625 0.153125 0.10625
9 0.36640625 0.8828125 0.1875 0.103125
16 0.74921875 0.9125 0.196875 0.115625
67 0.60078125 0.1859375 0.121875 0.12734375
18 0.39453125 0.20390625 0.1578125 0.059375
19 0.765625 0.21796875 0.2125 0.090625
37 0.3546875 0.41640625 0.06015625 0.103125
48 0.71328125 0.4453125 0.2 0.09375
68 0.5453125 0.45078125 0.22265625 0.1
23 0.7546875 0.4703125 0.07890625 0.065625
62 0.3390625 0.459375 0.13515625 0.04296875