67 0.74921875 0.56015625 0.109375 0.134375
29 0.32890625 0.58984375 0.1390625 0.11875
62 0.60625 0.6125 0.12578125 0.04296875
47 0.6453125 0.80859375 0.090625 0.15625
37 0.3328125 0.84609375 0.05390625 0.1015625
9 0.60390625 0.90078125 0.2609375 0.0828125
55 0.37265625 0.92734375 0.1671875 0.1234375
29 0.3234375 0.17578125 0.16015625 0.153125
15 0.48828125 0.20390625 0.1953125 0.08125
71 0.7296875 0.21015625 0.196875 0.071875
18 0.6875 0.4421875 0.11953125 0.059375
66 0.3890625 0.45 0.140625 0.08203125