5 0.5671875 0.578125 0.08125 0.05546875
33 0.40703125 0.5984375 0.2265625 0.08515625
20 0.77578125 0.61796875 0.21875 0.0828125
8 0.4390625 0.8703125 0.18359375 0.10234375
9 0.5671875 0.8984375 0.27109375 0.096875
21 0.778125 0.9109375 0.14375 0.08984375
55 0.7765625 0.21796875 0.21484375 0.0765625
66 0.39453125 0.20625 0.1453125 0.06953125
18 0.55703125 0.2171875 0.14375 0.05859375
19 0.75234375 0.4484375 0.1921875 0.09609375
13 0.4109375 0.44375 0.16640625 0.065625
26 0.53515625 0.45546875 0.1328125 0.059375