16 0.34375 0.4703125 0.184375 0.065625
51 0.51015625 0.58671875 0.1328125 0.1
15 0.7296875 0.5890625 0.178125 0.10234375
43 0.72265625 0.86875 0.05625 0.04296875
5 0.61328125 0.88046875 0.1078125 0.10625
71 0.4125 0.884375 0.18671875 0.084375
43 0.8109375 0.87890625 0.0875 0.0796875
5 0.75390625 0.9046875 0.09375 0.065625
19 0.7609375 0.1984375 0.215625 0.0875
12 0.34765625 0.2265625 0.1359375 0.04140625
62 0.50546875 0.2296875 0.1421875 0.0375
66 0.3765625 0.4390625 0.121875 0.075
18 0.5140625 0.4515625 0.109375 0.05859375
31 0.6859375 0.45 0.109375 0.059375
23 0.78984375 0.4515625 0.0796875 0.06640625