18 0.42109375 0.5875 0.1296875 0.05703125
68 0.76171875 0.6109375 0.190625 0.10625
48 0.5921875 0.60546875 0.146875 0.0875
13 0.4140625 0.871875 0.16484375 0.08828125
9 0.65390625 0.884375 0.2703125 0.11796875
29 0.8140625 0.20703125 0.16484375 0.1109375
55 0.4453125 0.20703125 0.18125 0.0765625
62 0.66796875 0.24140625 0.1875 0.0421875
37 0.75390625 0.4296875 0.0640625 0.09375
23 0.5890625 0.45234375 0.08359375 0.0765625
64 0.70703125 0.46640625 0.2984375 0.08125
8 0.42578125 0.453125 0.21875 0.07421875