67 0.48203125 0.56328125 0.096875 0.125
37 0.378125 0.5875 0.0671875 0.1140625
62 0.67265625 0.6015625 0.128125 0.046875
21 0.81171875 0.621875 0.1390625 0.053125
66 0.44921875 0.86953125 0.11875 0.1015625
20 0.70546875 0.88515625 0.253125 0.0796875
33 0.40078125 0.18828125 0.1921875 0.1015625
68 0.809375 0.2109375 0.1421875 0.065625
71 0.6359375 0.2171875 0.14375 0.0625
15 0.69609375 0.4375 0.1484375 0.0796875
23 0.55390625 0.446875 0.0734375 0.0609375
18 0.421875 0.446875 0.15 0.0484375
26 0.7671875 0.45546875 0.171875 0.05