67 0.75390625 0.55625 0.115625 0.13671875
29 0.33671875 0.5921875 0.1375 0.12734375
64 0.53203125 0.6015625 0.31875 0.11640625
47 0.65546875 0.8109375 0.103125 0.1625
37 0.34140625 0.8484375 0.0578125 0.1
18 0.61796875 0.909375 0.1515625 0.09453125
29 0.31640625 0.17109375 0.1859375 0.15
15 0.4828125 0.20390625 0.20390625 0.0828125
5 0.60703125 0.2078125 0.2796875 0.07734375
71 0.77421875 0.2109375 0.09375 0.053125
66 0.3859375 0.45546875 0.1375 0.0875
43 0.69609375 0.4484375 0.203125 0.05234375
16 0.5390625 0.45703125 0.2 0.0734375