12 0.35859375 0.46328125 0.1234375 0.0546875
36 0.7515625 0.47734375 0.25625 0.0546875
48 0.3578125 0.59375 0.14765625 0.1
18 0.534375 0.60078125 0.14296875 0.0609375
19 0.74609375 0.6125 0.2 0.09453125
5 0.56640625 0.8578125 0.084375 0.06484375
5 0.70390625 0.87578125 0.1265625 0.090625
43 0.3296875 0.87265625 0.078125 0.0421875
43 0.4953125 0.8828125 0.1375 0.08515625
67 0.7859375 0.18984375 0.121875 0.1296875
66 0.4515625 0.20625 0.153125 0.08046875
71 0.6296875 0.21796875 0.16640625 0.0765625
33 0.47109375 0.44453125 0.3125 0.0765625