66 0.63203125 0.58203125 0.1171875 0.065625
48 0.77421875 0.590625 0.153125 0.0875
20 0.4515625 0.61171875 0.259375 0.05625
15 0.384375 0.86328125 0.16328125 0.1109375
33 0.72734375 0.871875 0.246875 0.103125
13 0.5625 0.88515625 0.13046875 0.08125
21 0.53203125 0.94609375 0.2359375 0.046875
64 0.7984375 0.16171875 0.17109375 0.1578125
26 0.665625 0.21953125 0.11171875 0.046875
34 0.43203125 0.2203125 0.2828125 0.04375
67 0.40390625 0.41484375 0.13125 0.1375
37 0.53203125 0.42109375 0.0671875 0.10625
51 0.75390625 0.4296875 0.1828125 0.096875
68 0.59140625 0.44765625 0.2234375 0.075