29 0.4125 0.5609375 0.1625 0.1140625
19 0.75625 0.5953125 0.1984375 0.0984375
48 0.37109375 0.609375 0.16875 0.0984375
16 0.553125 0.60859375 0.2265625 0.0859375
8 0.79375 0.8671875 0.1671875 0.128125
36 0.42109375 0.90859375 0.1875 0.0921875
23 0.6453125 0.91171875 0.0828125 0.078125
66 0.34921875 0.20625 0.1453125 0.084375
18 0.58046875 0.209375 0.103125 0.0578125
62 0.771875 0.22109375 0.1203125 0.0375
29 0.38359375 0.43984375 0.15625 0.115625
37 0.765625 0.4265625 0.0875 0.1203125
31 0.66796875 0.43125 0.1015625 0.0328125
71 0.55 0.4421875 0.159375 0.0859375
43 0.7328125 0.4484375 0.2109375 0.0546875