19 0.72578125 0.5953125 0.2140625 0.1
55 0.54609375 0.60078125 0.153125 0.08125
18 0.36796875 0.59609375 0.1171875 0.075
29 0.57734375 0.8453125 0.1734375 0.08125
5 0.72265625 0.8734375 0.171875 0.09609375
8 0.53203125 0.91171875 0.2203125 0.0875
47 0.74609375 0.178125 0.103125 0.16171875
67 0.3609375 0.17109375 0.10859375 0.13125
16 0.5109375 0.22265625 0.22265625 0.0609375
68 0.6875 0.45625 0.08671875 0.06875
71 0.5671875 0.45703125 0.21640625 0.078125
66 0.36328125 0.4515625 0.1453125 0.08515625