23 0.5828125 0.59609375 0.078125 0.0671875
55 0.42265625 0.60390625 0.1515625 0.0828125
18 0.7671875 0.5953125 0.10625 0.05390625
26 0.4234375 0.8734375 0.1125 0.07109375
20 0.78515625 0.86328125 0.153125 0.0875
16 0.58046875 0.8859375 0.11875 0.096875
15 0.58984375 0.20078125 0.190625 0.090625
33 0.40390625 0.21171875 0.221875 0.0734375
68 0.7890625 0.1984375 0.221875 0.07890625
67 0.7859375 0.4015625 0.12265625 0.125
71 0.43125 0.44453125 0.14453125 0.06875
5 0.6140625 0.45078125 0.17265625 0.071875