37 0.4703125 0.5703125 0.0640625 0.121875
19 0.75546875 0.59375 0.2078125 0.1046875
12 0.37109375 0.62890625 0.1265625 0.053125
34 0.73125 0.88359375 0.175 0.103125
36 0.42109375 0.9109375 0.178125 0.0890625
66 0.37265625 0.2046875 0.15 0.090625
18 0.571875 0.2109375 0.0875 0.0578125
31 0.70546875 0.2078125 0.10625 0.0515625
43 0.7859375 0.21328125 0.1515625 0.0515625
15 0.4 0.4203125 0.1484375 0.053125
71 0.5625 0.4421875 0.1453125 0.0828125
55 0.7453125 0.4484375 0.165625 0.0765625
68 0.39765625 0.46484375 0.2921875 0.0734375