16 0.62265625 0.4703125 0.1125 0.0390625
15 0.63046875 0.5515625 0.153125 0.05625
66 0.409375 0.575 0.1484375 0.0703125
23 0.77421875 0.57890625 0.071875 0.05625
48 0.64609375 0.59296875 0.20625 0.0984375
62 0.421875 0.62890625 0.16875 0.0484375
31 0.8234375 0.61484375 0.128125 0.0625
47 0.69609375 0.8125 0.103125 0.1609375
12 0.54296875 0.8296875 0.1046875 0.053125
67 0.790625 0.821875 0.1046875 0.1140625
55 0.4140625 0.853125 0.1453125 0.0953125
8 0.5890625 0.88203125 0.1890625 0.09375
19 0.78203125 0.90859375 0.2171875 0.121875
43 0.3765625 0.9328125 0.15625 0.0859375
36 0.57109375 0.95 0.1953125 0.075
64 0.32890625 0.16640625 0.18125 0.1828125
51 0.65703125 0.1734375 0.11875 0.0546875
67 0.771875 0.17265625 0.1 0.13125
37 0.821875 0.17734375 0.075 0.11875
68 0.65078125 0.20234375 0.2828125 0.0875
71 0.471875 0.2140625 0.159375 0.059375
29 0.509375 0.4125 0.14375 0.134375
33 0.77265625 0.40859375 0.1828125 0.1609375
29 0.6359375 0.41640625 0.146875 0.09375
5 0.396875 0.446875 0.1796875 0.05625
18 0.41875 0.45546875 0.134375 0.059375
16 0.74140625 0.4515625 0.125 0.0734375