16 0.62421875 0.4765625 0.1125 0.0375
15 0.628125 0.55859375 0.153125 0.0546875
66 0.40546875 0.5703125 0.1484375 0.06875
23 0.76953125 0.59296875 0.0703125 0.0546875
48 0.64140625 0.6 0.2046875 0.09453125
62 0.41484375 0.62421875 0.16875 0.0453125
31 0.8171875 0.63125 0.12734375 0.06171875
47 0.6796875 0.82265625 0.1 0.159375
12 0.52578125 0.83203125 0.1046875 0.0515625
67 0.7734375 0.83671875 0.103125 0.1125
55 0.3953125 0.8484375 0.14375 0.09140625
8 0.56875 0.88671875 0.1875 0.090625
19 0.7609375 0.92265625 0.215625 0.11875
43 0.35390625 0.92578125 0.1546875 0.084375
36 0.54765625 0.953125 0.1953125 0.071875
64 0.346875 0.15859375 0.178125 0.1796875
51 0.6734375 0.18203125 0.11640625 0.0515625
67 0.78828125 0.18671875 0.096875 0.1296875
37 0.83828125 0.19453125 0.0734375 0.1171875
68 0.665625 0.2109375 0.28125 0.08359375
71 0.48671875 0.21328125 0.1578125 0.05625
29 0.5140625 0.4125 0.140625 0.13125
33 0.77734375 0.42265625 0.18125 0.1578125
29 0.640625 0.4234375 0.14453125 0.090625
5 0.39921875 0.44140625 0.178125 0.053125
18 0.42109375 0.45078125 0.134375 0.0578125
16 0.74375 0.4640625 0.12421875 0.07109375