15 0.6234375 0.5546875 0.153125 0.053125
66 0.40625 0.578125 0.1375 0.059375
67 0.7890625 0.58203125 0.11640625 0.1375
48 0.63984375 0.59765625 0.196875 0.096875
12 0.43125 0.62734375 0.15 0.05625
47 0.671875 0.8203125 0.084375 0.159375
47 0.75703125 0.82109375 0.0875 0.165625
33 0.4015625 0.85859375 0.184375 0.109375
62 0.5578125 0.8609375 0.1125 0.046875
19 0.77109375 0.9296875 0.20625 0.125
55 0.54921875 0.93203125 0.159375 0.10625
8 0.36796875 0.94296875 0.1875 0.090625
64 0.371875 0.1765625 0.2625 0.134375
51 0.7921875 0.19765625 0.134375 0.0875
71 0.65234375 0.2140625 0.15625 0.0625
16 0.46875 0.21640625 0.209375 0.053125
5 0.4046875 0.446875 0.175 0.06953125
18 0.72109375 0.4546875 0.15 0.059375
31 0.6015625 0.4625 0.1 0.05625