16 0.62421875 0.475 0.1 0.040625
15 0.63359375 0.55390625 0.15625 0.04375
66 0.40859375 0.57421875 0.15625 0.05625
23 0.7703125 0.5875 0.06875 0.05625
48 0.653125 0.5984375 0.203125 0.09375
31 0.81953125 0.62578125 0.11875 0.05625
62 0.421875 0.63046875 0.15703125 0.04375
67 0.7765625 0.82734375 0.103125 0.1
12 0.53046875 0.84375 0.109375 0.071875
55 0.4046875 0.85546875 0.14140625 0.090625
34 0.75859375 0.91015625 0.171875 0.078125
43 0.365625 0.92578125 0.153125 0.08125
36 0.540625 0.95859375 0.19296875 0.08125
64 0.33828125 0.16015625 0.178125 0.178125
67 0.78046875 0.18046875 0.096875 0.134375
51 0.6671875 0.18203125 0.115625 0.046875
37 0.8296875 0.1875 0.0625 0.11328125
68 0.66796875 0.21015625 0.24375 0.078125
71 0.4859375 0.21328125 0.16015625 0.05625
29 0.51484375 0.4109375 0.1296875 0.128125
33 0.784375 0.41875 0.16953125 0.14375
29 0.64765625 0.4234375 0.15 0.096875
5 0.396875 0.44296875 0.16171875 0.046875
18 0.42421875 0.45390625 0.14375 0.05
16 0.74140625 0.46328125 0.1296875 0.065625