5 0.596875 0.59609375 0.20078125 0.09375
20 0.775 0.60390625 0.21953125 0.078125
34 0.40703125 0.6109375 0.190625 0.075
9 0.6390625 0.88359375 0.2125 0.1078125
33 0.41484375 0.8890625 0.2140625 0.125
21 0.79375 0.8953125 0.13203125 0.0875
37 0.8140625 0.18515625 0.06640625 0.1046875
66 0.38125 0.21015625 0.16171875 0.06875
23 0.72734375 0.21171875 0.0875 0.0609375
18 0.5703125 0.21796875 0.10234375 0.053125
19 0.7890625 0.43671875 0.19765625 0.0953125
13 0.59140625 0.44765625 0.178125 0.059375
26 0.4234375 0.45859375 0.16015625 0.0515625