16 0.34609375 0.46015625 0.1859375 0.071875
51 0.50390625 0.58671875 0.1359375 0.1046875
15 0.72265625 0.6046875 0.18125 0.10859375
43 0.696875 0.88359375 0.05703125 0.04375
5 0.5859375 0.88671875 0.11015625 0.109375
71 0.3859375 0.87734375 0.18984375 0.090625
43 0.78359375 0.9 0.090625 0.08203125
5 0.725 0.921875 0.096875 0.06875
19 0.78125 0.2171875 0.21875 0.09609375
12 0.3671875 0.2171875 0.1375 0.046875
62 0.52421875 0.23046875 0.14375 0.0421875
66 0.38046875 0.43046875 0.125 0.078125
18 0.5171875 0.45234375 0.11015625 0.0625
31 0.6890625 0.46328125 0.11015625 0.0625
23 0.7921875 0.471875 0.08359375 0.06953125