66 0.403125 0.60078125 0.134375 0.0890625
68 0.78671875 0.5828125 0.1796875 0.084375
48 0.5640625 0.59921875 0.1625 0.084375
13 0.428125 0.87421875 0.153125 0.09375
51 0.62265625 0.8765625 0.20625 0.115625
20 0.79140625 0.87265625 0.209375 0.115625
29 0.43125 0.184375 0.128125 0.13203125
23 0.35 0.22109375 0.08671875 0.065625
33 0.5953125 0.2109375 0.153125 0.07734375
5 0.76953125 0.20234375 0.1125 0.0703125
47 0.7765625 0.38125 0.1 0.15546875
18 0.61328125 0.44453125 0.1328125 0.0609375
26 0.384375 0.46796875 0.125 0.071875