21 0.6484375 0.4625 0.115625 0.040625
29 0.421875 0.5703125 0.12578125 0.121875
66 0.55234375 0.57734375 0.1515625 0.0703125
20 0.7296875 0.603125 0.221875 0.05703125
67 0.68125 0.8140625 0.109375 0.12890625
33 0.8 0.884375 0.22421875 0.11875
16 0.4421875 0.91484375 0.21484375 0.078125
15 0.58125 0.196875 0.18828125 0.09453125
55 0.74609375 0.19453125 0.15625 0.075
26 0.44453125 0.2171875 0.13125 0.05390625
47 0.37109375 0.446875 0.128125 0.08125
48 0.77265625 0.43515625 0.1609375 0.0765625
62 0.51484375 0.46171875 0.1515625 0.0484375