62 0.37421875 0.46640625 0.14375 0.04375
51 0.3640625 0.57890625 0.15390625 0.1140625
31 0.73828125 0.62265625 0.1109375 0.065625
34 0.54609375 0.61953125 0.1921875 0.0765625
48 0.5640625 0.86171875 0.203125 0.09375
29 0.5671875 0.88046875 0.16875 0.1609375
23 0.69609375 0.90390625 0.078125 0.075
33 0.35390625 0.915625 0.209375 0.13046875
67 0.38515625 0.1734375 0.1109375 0.12890625
66 0.77421875 0.21953125 0.1375 0.0734375
8 0.5953125 0.21640625 0.18984375 0.0609375
47 0.5765625 0.40546875 0.10234375 0.1671875
12 0.76484375 0.46953125 0.15625 0.0546875