16 0.621875 0.4703125 0.109375 0.040625
29 0.44609375 0.56875 0.1359375 0.134375
67 0.35703125 0.578125 0.1125 0.140625
15 0.58828125 0.578125 0.178125 0.090625
23 0.7203125 0.60625 0.0796875 0.0640625
47 0.76171875 0.8296875 0.1078125 0.1625
47 0.80859375 0.85078125 0.103125 0.165625
8 0.62421875 0.8515625 0.2046875 0.096875
68 0.3671875 0.8875 0.165625 0.11875
64 0.34296875 0.1640625 0.228125 0.1578125
67 0.534375 0.17734375 0.121875 0.128125
51 0.6640625 0.19765625 0.1484375 0.0875
31 0.80546875 0.21796875 0.1125 0.046875
33 0.78671875 0.42109375 0.1671875 0.153125
37 0.3390625 0.43515625 0.0625 0.115625
66 0.56875 0.43828125 0.11875 0.075
71 0.43984375 0.44765625 0.14375 0.065625
16 0.73984375 0.45859375 0.1375 0.0640625