29 0.40234375 0.56015625 0.1609375 0.128125
19 0.7515625 0.61328125 0.20859375 0.1015625
16 0.5484375 0.61328125 0.221875 0.0828125
31 0.35390625 0.6078125 0.096875 0.06484375
8 0.77265625 0.8875 0.175 0.13671875
36 0.390625 0.90234375 0.1875 0.0875
23 0.61875 0.9203125 0.08671875 0.07265625
18 0.5984375 0.215625 0.1 0.053125
12 0.765625 0.2390625 0.128125 0.02890625
37 0.6984375 0.4234375 0.06875 0.07890625
15 0.403125 0.4234375 0.15703125 0.05625
71 0.56171875 0.4484375 0.1484375 0.071875
68 0.715625 0.465625 0.25703125 0.08125
55 0.4359375 0.4625 0.25625 0.065625