19 0.56015625 0.6015625 0.2796875 0.09609375
26 0.3671875 0.5984375 0.115625 0.0625
20 0.77265625 0.61640625 0.2171875 0.0796875
9 0.68203125 0.8828125 0.21875 0.10859375
34 0.38515625 0.8765625 0.18125 0.10234375
21 0.5140625 0.8890625 0.10625 0.08125
33 0.3578125 0.18359375 0.13984375 0.115625
51 0.753125 0.20703125 0.19921875 0.0953125
18 0.58125 0.21953125 0.09375 0.046875
37 0.66328125 0.42421875 0.065625 0.103125
66 0.54375 0.45078125 0.171875 0.0734375
23 0.4015625 0.45234375 0.08125 0.06875
13 0.78515625 0.46953125 0.15 0.059375