51 0.36015625 0.58125 0.14375 0.10078125
15 0.51640625 0.59609375 0.1734375 0.103125
18 0.68984375 0.6109375 0.1484375 0.065625
8 0.3671875 0.87109375 0.15 0.0875
43 0.76171875 0.890625 0.153125 0.0875
16 0.4921875 0.89140625 0.128125 0.096875
16 0.646875 0.9046875 0.090625 0.08125
67 0.80703125 0.18203125 0.1390625 0.1390625
62 0.52265625 0.22890625 0.1265625 0.0328125
19 0.39453125 0.4390625 0.2359375 0.09375
31 0.70625 0.4609375 0.10078125 0.059375
12 0.609375 0.4625 0.115625 0.04921875
23 0.79140625 0.46875 0.0796875 0.06875