51 0.59765625 0.5859375 0.134375 0.090625
31 0.784375 0.59765625 0.115625 0.0578125
23 0.43046875 0.60234375 0.0875 0.0703125
43 0.778125 0.871875 0.0875 0.0546875
71 0.40390625 0.88203125 0.153125 0.1
43 0.6875 0.88984375 0.071875 0.05625
12 0.5765625 0.8953125 0.1359375 0.071875
43 0.75859375 0.93125 0.071875 0.0421875
67 0.36484375 0.17578125 0.1390625 0.14375
5 0.76953125 0.21015625 0.175 0.065625
62 0.6015625 0.225 0.14375 0.0328125
8 0.7546875 0.4484375 0.1578125 0.06875
66 0.6078125 0.45 0.1703125 0.08125
18 0.43125 0.45703125 0.1421875 0.0609375