19 0.76171875 0.5921875 0.209375 0.10625
9 0.46875 0.6078125 0.278125 0.065625
20 0.7390625 0.86796875 0.23515625 0.1046875
34 0.40859375 0.88203125 0.184375 0.1015625
21 0.53515625 0.88515625 0.1046875 0.0828125
37 0.36640625 0.19765625 0.0609375 0.096875
51 0.73515625 0.19375 0.1921875 0.08671875
18 0.50390625 0.215625 0.0890625 0.05078125
26 0.76328125 0.2109375 0.1625 0.053125
64 0.37109375 0.4203125 0.178125 0.14140625
33 0.7734375 0.45234375 0.234375 0.0671875
13 0.553125 0.45703125 0.14296875 0.0578125