67 0.7359375 0.57734375 0.115625 0.1390625
29 0.3375 0.5734375 0.115625 0.13125
51 0.45234375 0.59921875 0.1546875 0.109375
71 0.603125 0.6171875 0.15703125 0.09375
23 0.7453125 0.63125 0.08359375 0.06953125
15 0.66796875 0.83984375 0.1578125 0.109375
37 0.31796875 0.834375 0.0625 0.10078125
8 0.5359375 0.88125 0.18359375 0.10546875
36 0.36484375 0.9328125 0.2359375 0.10390625
47 0.5359375 0.16484375 0.11640625 0.19375
67 0.39140625 0.1734375 0.1296875 0.134375
12 0.75 0.23515625 0.15546875 0.0484375
68 0.5140625 0.4515625 0.21015625 0.09375
55 0.73203125 0.4640625 0.1734375 0.075
31 0.35625 0.45078125 0.09453125 0.059375