19 0.7296875 0.58984375 0.21640625 0.090625
18 0.37265625 0.60078125 0.1125 0.06875
55 0.546875 0.6015625 0.15 0.06875
47 0.596875 0.81875 0.103125 0.15
29 0.390625 0.8609375 0.15625 0.14375
5 0.73046875 0.865625 0.1765625 0.09375
8 0.54609375 0.9109375 0.2171875 0.07890625
47 0.7328125 0.17109375 0.1 0.1546875
67 0.34921875 0.175 0.1 0.128125
16 0.503125 0.221875 0.221875 0.05078125
68 0.690625 0.45234375 0.075 0.053125
66 0.3625 0.45390625 0.1375 0.08125
71 0.5609375 0.45625 0.21875 0.06953125