16 0.6203125 0.4734375 0.10859375 0.040625
29 0.44765625 0.5515625 0.153125 0.11875
15 0.59296875 0.57421875 0.1796875 0.0984375
23 0.76875 0.5828125 0.08203125 0.06484375
19 0.4421875 0.60859375 0.278125 0.103125
12 0.69453125 0.6078125 0.1453125 0.053125
47 0.77109375 0.8171875 0.109375 0.15234375
67 0.6640625 0.8421875 0.12734375 0.15234375
47 0.821875 0.84296875 0.103125 0.171875
68 0.3703125 0.8984375 0.17890625 0.13359375
55 0.5375 0.91875 0.16328125 0.11796875
8 0.775 0.91015625 0.18203125 0.125
64 0.3390625 0.16171875 0.196875 0.1953125
67 0.5234375 0.17890625 0.13125 0.14375
51 0.6625 0.19140625 0.125 0.0921875
31 0.79140625 0.2078125 0.10625 0.04765625
33 0.78203125 0.4125 0.1703125 0.14375
66 0.56328125 0.43203125 0.121875 0.0828125
37 0.33671875 0.4421875 0.0671875 0.12109375
71 0.43984375 0.453125 0.1546875 0.08046875
16 0.740625 0.45390625 0.13671875 0.0734375