19 0.7578125 0.60625 0.20859375 0.09375
71 0.5625 0.609375 0.153125 0.0875
12 0.37109375 0.6234375 0.1359375 0.05
64 0.78828125 0.85625 0.146875 0.21953125
48 0.65703125 0.87578125 0.1375 0.1125
36 0.40078125 0.9 0.2 0.08125
66 0.37578125 0.20078125 0.16875 0.090625
18 0.58359375 0.21171875 0.08125 0.046875
31 0.715625 0.22265625 0.1 0.046875
43 0.8015625 0.225 0.13125 0.04375
37 0.74921875 0.40703125 0.0625 0.06875
15 0.39921875 0.428125 0.184375 0.06953125
33 0.78203125 0.4515625 0.178125 0.090625
68 0.396875 0.45859375 0.275 0.071875
16 0.6234375 0.459375 0.196875 0.0625