21 0.3953125 0.4765625 0.12109375 0.0375
55 0.49375 0.58203125 0.15546875 0.08125
68 0.76640625 0.58515625 0.18125 0.1
48 0.5921875 0.5984375 0.159375 0.08359375
18 0.425 0.6078125 0.12578125 0.06640625
66 0.546875 0.84921875 0.15 0.096875
33 0.73203125 0.86328125 0.259375 0.1125
13 0.409375 0.87734375 0.13671875 0.0921875
29 0.7859375 0.1828125 0.109375 0.115625
62 0.6703125 0.22265625 0.140625 0.0328125
37 0.74453125 0.4125 0.0609375 0.10546875
23 0.575 0.44375 0.078125 0.06953125
64 0.70078125 0.44609375 0.284375 0.078125