51 0.375 0.59140625 0.14453125 0.1015625
15 0.528125 0.5921875 0.171875 0.103125
18 0.69921875 0.5953125 0.146875 0.06640625
43 0.7296875 0.8640625 0.06015625 0.03984375
43 0.81953125 0.87265625 0.0953125 0.084375
71 0.41328125 0.8875 0.1828125 0.08828125
5 0.62109375 0.8859375 0.1015625 0.10625
5 0.7625 0.9 0.090625 0.071875
19 0.7609375 0.1921875 0.23125 0.08984375
12 0.346875 0.2296875 0.13046875 0.0375
62 0.5109375 0.22890625 0.14609375 0.0453125
66 0.371875 0.4453125 0.13671875 0.09609375
31 0.6828125 0.44765625 0.103125 0.0609375
23 0.7921875 0.44609375 0.08125 0.06875
55 0.53046875 0.4640625 0.15625 0.07265625