8 0.4203125 0.58125 0.15234375 0.09453125
19 0.746875 0.61796875 0.20546875 0.103125
71 0.5546875 0.60859375 0.1625 0.0953125
23 0.33046875 0.61171875 0.0796875 0.0703125
55 0.62578125 0.871875 0.146875 0.10078125
51 0.7484375 0.88046875 0.14375 0.134375
66 0.490625 0.87109375 0.146875 0.1078125
9 0.34921875 0.88984375 0.15625 0.109375
18 0.5890625 0.215625 0.08359375 0.05546875
31 0.7265625 0.23046875 0.11484375 0.0578125
43 0.80859375 0.23828125 0.134375 0.0421875
37 0.74921875 0.41875 0.0609375 0.06796875
15 0.38515625 0.43984375 0.20625 0.103125
33 0.78046875 0.4640625 0.19375 0.09765625
16 0.61796875 0.4671875 0.1984375 0.06875