16 0.62109375 0.4796875 0.1078125 0.0390625
29 0.4453125 0.54921875 0.1515625 0.115625
15 0.5890625 0.57890625 0.178125 0.0953125
23 0.7640625 0.596875 0.0828125 0.0625
19 0.43671875 0.60546875 0.2765625 0.0984375
12 0.68828125 0.61796875 0.14375 0.05
47 0.7546875 0.83125 0.1078125 0.15
67 0.64609375 0.85 0.125 0.15
47 0.803125 0.859375 0.1 0.1703125
68 0.34921875 0.89140625 0.178125 0.1296875
55 0.515625 0.91953125 0.1625 0.1140625
8 0.753125 0.92421875 0.1796875 0.121875
64 0.35703125 0.15390625 0.19375 0.1921875
67 0.53984375 0.18046875 0.128125 0.140625
51 0.67890625 0.20078125 0.1234375 0.090625
31 0.80625 0.2234375 0.1046875 0.046875
33 0.78671875 0.42734375 0.1671875 0.140625
66 0.56640625 0.43515625 0.1203125 0.08125
37 0.33984375 0.43359375 0.065625 0.1203125
71 0.4421875 0.45 0.153125 0.078125
16 0.74296875 0.46640625 0.134375 0.0703125