19 0.76171875 0.5828125 0.203125 0.115625
9 0.53125 0.61328125 0.28671875 0.0671875
21 0.3609375 0.62890625 0.121875 0.0609375
15 0.5765625 0.86328125 0.19609375 0.1265625
20 0.75390625 0.86484375 0.2171875 0.1078125
34 0.41953125 0.8828125 0.1828125 0.103125
37 0.3609375 0.1984375 0.065625 0.09375
51 0.72578125 0.1921875 0.1953125 0.096875
18 0.49765625 0.215625 0.0953125 0.05546875
26 0.75546875 0.2078125 0.1640625 0.05390625
64 0.36796875 0.42890625 0.196875 0.1578125
33 0.7671875 0.44296875 0.234375 0.075