67 0.74609375 0.56875 0.1109375 0.13203125
29 0.3296875 0.57578125 0.12890625 0.121875
62 0.5828125 0.62265625 0.1125 0.0515625
47 0.634375 0.809375 0.090625 0.14453125
37 0.31953125 0.83984375 0.0546875 0.1015625
9 0.5890625 0.90390625 0.265625 0.0828125
55 0.35390625 0.9203125 0.165625 0.12265625
29 0.33984375 0.16875 0.159375 0.14453125
15 0.49765625 0.20234375 0.19375 0.08125
5 0.62421875 0.21484375 0.278125 0.075
71 0.7828125 0.2234375 0.103125 0.05390625
66 0.3890625 0.4453125 0.134375 0.084375
43 0.6953125 0.459375 0.2 0.04921875
16 0.53984375 0.459375 0.1984375 0.06796875