51 0.60078125 0.5828125 0.1375 0.09609375
31 0.7875 0.5875 0.11796875 0.0625
23 0.434375 0.6046875 0.08828125 0.07265625
43 0.790625 0.86171875 0.08828125 0.0578125
71 0.4171875 0.88515625 0.15859375 0.1046875
43 0.70078125 0.8828125 0.0734375 0.059375
12 0.590625 0.8921875 0.13828125 0.07734375
43 0.7734375 0.921875 0.07265625 0.04453125
67 0.35390625 0.18046875 0.14375 0.1484375
5 0.759375 0.20078125 0.178125 0.071875
62 0.5921875 0.221875 0.14609375 0.0375
8 0.75234375 0.43984375 0.159375 0.0734375
66 0.60625 0.44609375 0.17421875 0.0859375
18 0.4296875 0.459375 0.14375 0.065625