12 0.715625 0.47890625 0.115625 0.05
29 0.4046875 0.55859375 0.16875 0.125
19 0.7546875 0.615625 0.20390625 0.109375
16 0.54609375 0.61875 0.221875 0.0875
8 0.7640625 0.8890625 0.18359375 0.12734375
36 0.40390625 0.90078125 0.196875 0.0921875
23 0.61484375 0.921875 0.09375 0.08046875
55 0.41171875 0.2046875 0.1890625 0.084375
18 0.59921875 0.2171875 0.0890625 0.05859375
31 0.72265625 0.23203125 0.09375 0.05625
43 0.8125 0.23984375 0.14921875 0.05
15 0.4046875 0.41875 0.17265625 0.065625
71 0.56875 0.44765625 0.14453125 0.08125
68 0.409375 0.4515625 0.284375 0.09140625