67 0.75234375 0.5515625 0.1125 0.1375
29 0.35 0.590625 0.13203125 0.1125
62 0.61015625 0.609375 0.128125 0.05546875
47 0.659375 0.803125 0.103125 0.15546875
37 0.346875 0.8515625 0.05703125 0.103125
9 0.61875 0.896875 0.26328125 0.09296875
55 0.3890625 0.9265625 0.171875 0.12109375
29 0.315625 0.1828125 0.15625 0.15625
15 0.4796875 0.2046875 0.196875 0.090625
71 0.7171875 0.2015625 0.20234375 0.08125
66 0.38046875 0.4515625 0.146875 0.08359375
43 0.690625 0.44453125 0.19453125 0.05
16 0.53828125 0.45703125 0.2015625 0.0734375