18 0.54140625 0.596875 0.128125 0.071875
13 0.74921875 0.61484375 0.1515625 0.071875
16 0.36015625 0.61171875 0.1375 0.0609375
66 0.54375 0.86953125 0.13671875 0.084375
68 0.77265625 0.8890625 0.1671875 0.12890625
5 0.3875 0.88046875 0.178125 0.0984375
47 0.65859375 0.1703125 0.1125 0.1625
15 0.81953125 0.209375 0.2015625 0.09921875
23 0.47890625 0.21875 0.0765625 0.05078125
12 0.38046875 0.215625 0.128125 0.046875
67 0.3953125 0.409375 0.125 0.140625
64 0.59453125 0.425 0.2890625 0.10078125
34 0.74921875 0.4703125 0.29375 0.059375