62 0.33984375 0.47265625 0.13125 0.0453125
67 0.7421875 0.5625 0.1125 0.13203125
48 0.45625 0.5875 0.1375 0.08125
29 0.3359375 0.590625 0.13359375 0.11328125
71 0.60859375 0.60859375 0.1703125 0.096875
15 0.6921875 0.82734375 0.153125 0.1046875
9 0.39609375 0.890625 0.2078125 0.10078125
64 0.55078125 0.890625 0.28125 0.14921875
16 0.7671875 0.89375 0.21484375 0.11796875
67 0.58515625 0.18203125 0.1171875 0.121875
66 0.36640625 0.2078125 0.178125 0.084375
19 0.74609375 0.2015625 0.2125 0.096875
23 0.396875 0.45078125 0.075 0.0625
68 0.51640625 0.45234375 0.225 0.0734375
55 0.73203125 0.44921875 0.1640625 0.0640625