19 0.725 0.59609375 0.21171875 0.0953125
18 0.3703125 0.596875 0.11875 0.06953125
55 0.54609375 0.603125 0.1609375 0.090625
29 0.5828125 0.85390625 0.16015625 0.09375
5 0.7203125 0.86953125 0.17265625 0.1109375
67 0.39375 0.86015625 0.11796875 0.1453125
8 0.53046875 0.9125 0.2203125 0.090625
47 0.7421875 0.17734375 0.09609375 0.159375
16 0.4 0.215625 0.21328125 0.05546875
12 0.58359375 0.225 0.1375 0.04453125
66 0.3609375 0.4515625 0.14765625 0.09140625
71 0.56796875 0.45859375 0.2140625 0.078125
43 0.74765625 0.47265625 0.1859375 0.0578125