19 0.7265625 0.5828125 0.21875 0.103125
15 0.38984375 0.5953125 0.1703125 0.1
55 0.5359375 0.5984375 0.17265625 0.08125
47 0.60546875 0.82265625 0.1125 0.1671875
29 0.4015625 0.86796875 0.15 0.1515625
5 0.75078125 0.859375 0.171875 0.10078125
47 0.7203125 0.15390625 0.09609375 0.14375
67 0.33671875 0.18125 0.1078125 0.13203125
8 0.734375 0.2078125 0.2125 0.06640625
16 0.49375 0.21953125 0.22421875 0.0625
68 0.790625 0.43984375 0.11796875 0.0828125
68 0.6875 0.4453125 0.08125 0.05
18 0.3671875 0.45625 0.08984375 0.06796875
36 0.56171875 0.4625 0.2484375 0.04921875