51 0.4203125 0.5921875 0.15234375 0.11640625
43 0.74453125 0.58125 0.1078125 0.06875
15 0.54453125 0.85390625 0.1828125 0.125
18 0.78046875 0.871875 0.09375 0.084375
12 0.3921875 0.89765625 0.14140625 0.0859375
37 0.359375 0.20078125 0.0625 0.1
26 0.44609375 0.21796875 0.115625 0.0546875
33 0.70078125 0.20859375 0.2359375 0.059375
13 0.50625 0.425 0.15703125 0.09296875
68 0.3765625 0.4484375 0.14765625 0.0875
55 0.6171875 0.44296875 0.15859375 0.0828125
20 0.78984375 0.4453125 0.20625 0.05859375