19 0.72578125 0.59453125 0.2171875 0.0984375
55 0.5375 0.60703125 0.159375 0.0734375
62 0.39453125 0.60859375 0.1171875 0.0578125
47 0.6578125 0.82109375 0.096875 0.1640625
23 0.35078125 0.8671875 0.071875 0.07109375
67 0.57734375 0.878125 0.1125 0.15
37 0.3703125 0.8890625 0.06015625 0.109375
67 0.41328125 0.1765625 0.109375 0.13359375
18 0.7265625 0.2140625 0.08515625 0.040625
68 0.69140625 0.45 0.0671875 0.046875
68 0.796875 0.45546875 0.11796875 0.0796875
66 0.39375 0.45078125 0.146875 0.08125
33 0.58671875 0.4625 0.253125 0.06796875