51 0.37265625 0.58984375 0.1515625 0.1125
43 0.73984375 0.57734375 0.0625 0.040625
19 0.56171875 0.6015625 0.2078125 0.109375
48 0.59140625 0.8453125 0.1953125 0.096875
29 0.603125 0.87421875 0.15703125 0.1609375
23 0.40625 0.91953125 0.08203125 0.0796875
31 0.74765625 0.90390625 0.109375 0.075
67 0.35625 0.184375 0.11328125 0.13203125
66 0.7484375 0.19453125 0.146875 0.078125
33 0.54609375 0.2109375 0.2640625 0.071875
12 0.76171875 0.446875 0.1515625 0.05703125
36 0.546875 0.46328125 0.22421875 0.0484375