8 0.43984375 0.59140625 0.1515625 0.1078125
19 0.75625 0.6 0.20625 0.0984375
71 0.56171875 0.60390625 0.1453125 0.0921875
23 0.346875 0.61953125 0.084375 0.071875
51 0.76015625 0.8609375 0.1484375 0.1203125
55 0.44765625 0.8671875 0.2359375 0.0671875
66 0.3796875 0.925 0.165625 0.109375
36 0.59921875 0.94765625 0.21875 0.09375
18 0.571875 0.21171875 0.084375 0.0546875
31 0.70703125 0.21484375 0.1171875 0.0546875
43 0.790625 0.2171875 0.1296875 0.04375
37 0.74296875 0.40546875 0.05625 0.0671875
67 0.55 0.4140625 0.109375 0.1390625
33 0.76875 0.4453125 0.21875 0.09375
15 0.41640625 0.45234375 0.190625 0.0953125
68 0.60703125 0.4625 0.0875 0.0578125