19 0.459375 0.59375 0.190625 0.08671875
13 0.80234375 0.6046875 0.1765625 0.065625
20 0.6296875 0.60625 0.15234375 0.05
33 0.74453125 0.81953125 0.2046875 0.121875
51 0.44453125 0.85078125 0.1421875 0.1140625
48 0.5953125 0.878125 0.15 0.07578125
37 0.4703125 0.19375 0.059375 0.096875
71 0.60078125 0.21015625 0.153125 0.0671875
66 0.7796875 0.21171875 0.12890625 0.065625
47 0.4234375 0.3890625 0.08359375 0.134375
64 0.83359375 0.41484375 0.18125 0.1421875
29 0.51640625 0.4265625 0.1015625 0.10625
26 0.40234375 0.45234375 0.103125 0.053125
34 0.653125 0.4625 0.184375 0.05078125