8 0.4296875 0.59609375 0.1703125 0.103125
19 0.7546875 0.5890625 0.2171875 0.1109375
71 0.56484375 0.6015625 0.153125 0.0921875
55 0.50546875 0.865625 0.1453125 0.08125
15 0.38125 0.909375 0.178125 0.1265625
64 0.3578125 0.19609375 0.2609375 0.125
31 0.678125 0.2078125 0.121875 0.0609375
43 0.7796875 0.20859375 0.1234375 0.0484375
62 0.559375 0.22578125 0.1296875 0.0359375
37 0.35234375 0.43125 0.0671875 0.1046875
66 0.58046875 0.434375 0.1390625 0.0828125
5 0.71015625 0.44296875 0.1671875 0.0796875
18 0.40546875 0.45859375 0.128125 0.0640625