21 0.57421875 0.4703125 0.165625 0.0390625
66 0.8015625 0.58046875 0.134375 0.0875
18 0.434375 0.6078125 0.146875 0.0625
20 0.65703125 0.60234375 0.165625 0.0609375
67 0.821875 0.8125 0.103125 0.14375
29 0.38828125 0.853125 0.1 0.1234375
33 0.5453125 0.865625 0.2125 0.103125
16 0.72890625 0.865625 0.1296875 0.10625
48 0.44609375 0.20859375 0.1671875 0.0765625
55 0.77421875 0.2 0.146875 0.0609375
71 0.57421875 0.2109375 0.1328125 0.0609375
47 0.4578125 0.40078125 0.0875 0.1546875
15 0.7515625 0.421875 0.1609375 0.0875
23 0.6390625 0.43828125 0.071875 0.0625
26 0.415625 0.45859375 0.1078125 0.0546875