36 0.7453125 0.47578125 0.20859375 0.0484375
18 0.53359375 0.5984375 0.14375 0.06484375
48 0.3703125 0.59453125 0.17265625 0.103125
19 0.74453125 0.61328125 0.2109375 0.1
5 0.68828125 0.87578125 0.178125 0.0953125
15 0.6078125 0.89609375 0.1625 0.121875
34 0.440625 0.8921875 0.16328125 0.08125
33 0.79921875 0.2140625 0.19375 0.09375
71 0.6359375 0.21875 0.15859375 0.07421875
43 0.40859375 0.2234375 0.1859375 0.04609375
67 0.3703125 0.40546875 0.11015625 0.1390625
66 0.5578125 0.446875 0.15 0.09921875