21 0.57734375 0.47578125 0.1296875 0.03125
29 0.42890625 0.57109375 0.1234375 0.1171875
20 0.58203125 0.60859375 0.1640625 0.0546875
18 0.76953125 0.6125 0.1515625 0.05546875
67 0.778125 0.86015625 0.11875 0.134375
33 0.659375 0.86796875 0.15 0.1171875
16 0.50703125 0.8703125 0.1453125 0.090625
66 0.37890625 0.871875 0.1296875 0.096875
48 0.4671875 0.20546875 0.16484375 0.0703125
55 0.79453125 0.2203125 0.1453125 0.05625
71 0.59375 0.21640625 0.13125 0.05625
47 0.6921875 0.4015625 0.08359375 0.15234375
23 0.76953125 0.4484375 0.0703125 0.06015625
26 0.41875 0.45234375 0.10625 0.0515625