64 0.403125 0.60625 0.27578125 0.08671875
33 0.71328125 0.6125 0.2234375 0.08203125
67 0.7171875 0.82734375 0.1125 0.121875
67 0.34453125 0.84453125 0.1125 0.125
34 0.478125 0.8890625 0.16171875 0.1
36 0.7171875 0.92109375 0.28515625 0.0640625
15 0.7390625 0.20703125 0.17265625 0.0734375
5 0.36015625 0.21640625 0.1625 0.0609375
23 0.78203125 0.2171875 0.0875 0.05625
16 0.58984375 0.2265625 0.1578125 0.04140625
19 0.36015625 0.446875 0.190625 0.09296875
71 0.57734375 0.4546875 0.16875 0.075
12 0.6625 0.4578125 0.040625 0.04140625