18 0.42265625 0.58984375 0.128125 0.0546875
68 0.75703125 0.60546875 0.1703125 0.0984375
48 0.596875 0.60234375 0.14453125 0.0828125
21 0.41875 0.634375 0.24453125 0.04375
9 0.6640625 0.87265625 0.271875 0.0890625
13 0.4296875 0.8671875 0.165625 0.084375
29 0.80859375 0.20390625 0.16875 0.115625
55 0.44453125 0.209375 0.184375 0.07421875
62 0.665625 0.2375 0.18125 0.03203125
37 0.7546875 0.43046875 0.0625 0.1078125
23 0.5875 0.4484375 0.08125 0.071875
64 0.70703125 0.4609375 0.2921875 0.078125
8 0.4265625 0.453125 0.21484375 0.06875