9 0.5734375 0.4734375 0.21875 0.05390625
29 0.575 0.590625 0.165625 0.11328125
71 0.7265625 0.5953125 0.14375 0.07734375
64 0.3953125 0.60625 0.26015625 0.078125
18 0.6953125 0.890625 0.11875 0.07421875
62 0.42109375 0.8890625 0.128125 0.06015625
67 0.34296875 0.171875 0.125 0.1375
67 0.5953125 0.1828125 0.11640625 0.12265625
16 0.6359375 0.2125 0.29765625 0.071875
5 0.45703125 0.21484375 0.15 0.0640625
23 0.7828125 0.221875 0.08359375 0.05546875
48 0.7 0.4390625 0.20078125 0.084375
19 0.3578125 0.44765625 0.190625 0.090625