12 0.61875 0.478125 0.15078125 0.04921875
29 0.4078125 0.55703125 0.171875 0.115625
19 0.75625 0.6140625 0.19921875 0.09765625
48 0.3703125 0.60390625 0.178125 0.1046875
16 0.54921875 0.615625 0.2265625 0.078125
8 0.77109375 0.88984375 0.171875 0.128125
36 0.3984375 0.90546875 0.184375 0.0953125
23 0.61875 0.92109375 0.090625 0.0828125
66 0.37109375 0.196875 0.1375 0.090625
18 0.60234375 0.215625 0.103125 0.05546875
62 0.7890625 0.240625 0.12734375 0.028125
31 0.67421875 0.446875 0.1046875 0.03671875
71 0.55859375 0.4453125 0.1515625 0.07890625
43 0.7328125 0.46484375 0.20390625 0.059375
9 0.38671875 0.45859375 0.19375 0.0609375