64 0.45703125 0.56015625 0.259375 0.1125
23 0.7484375 0.59375 0.07890625 0.06796875
13 0.6046875 0.60234375 0.14375 0.0671875
16 0.3703125 0.62109375 0.12890625 0.059375
66 0.65546875 0.8796875 0.1453125 0.08515625
68 0.79609375 0.87734375 0.171875 0.13125
5 0.40703125 0.88671875 0.184375 0.0984375
47 0.64296875 0.1671875 0.10625 0.15859375
15 0.8 0.19375 0.19453125 0.09375
19 0.40390625 0.203125 0.2015625 0.0875
67 0.3921875 0.40859375 0.11640625 0.121875
18 0.75078125 0.44296875 0.128125 0.0609375
34 0.5609375 0.45703125 0.24765625 0.0625