36 0.32578125 0.57578125 0.078125 0.1515625
8 0.40234375 0.584375 0.14375 0.0765625
48 0.77578125 0.60625 0.1453125 0.0984375
64 0.5765625 0.6015625 0.2953125 0.128125
47 0.66171875 0.828125 0.096875 0.159375
47 0.75 0.83203125 0.0921875 0.1625
33 0.38828125 0.86171875 0.23125 0.1203125
62 0.55390625 0.8796875 0.1015625 0.0640625
5 0.73046875 0.89921875 0.2 0.1
51 0.80234375 0.20625 0.1328125 0.0984375
16 0.6578125 0.22578125 0.184375 0.053125
12 0.36328125 0.21796875 0.1265625 0.046875
19 0.415625 0.446875 0.2875 0.0890625
18 0.6875 0.4625 0.1078125 0.0578125