12 0.61875 0.4765625 0.15078125 0.04609375
29 0.409375 0.55859375 0.16953125 0.1125
19 0.75859375 0.609375 0.1984375 0.09453125
48 0.37265625 0.60625 0.1765625 0.10078125
16 0.55078125 0.61484375 0.225 0.075
8 0.77734375 0.88515625 0.1703125 0.125
36 0.40546875 0.90703125 0.1828125 0.0921875
23 0.6265625 0.91875 0.08984375 0.08125
66 0.36640625 0.19921875 0.1359375 0.0890625
18 0.596875 0.2140625 0.10078125 0.053125
62 0.784375 0.23515625 0.12578125 0.025
31 0.67265625 0.44375 0.1046875 0.034375
71 0.55703125 0.44375 0.15 0.078125
43 0.73203125 0.4609375 0.203125 0.05625
9 0.3859375 0.46015625 0.19375 0.0578125