19 0.54140625 0.5859375 0.253125 0.09140625
20 0.78359375 0.61640625 0.1671875 0.0546875
33 0.6359375 0.83984375 0.1875 0.1140625
29 0.49140625 0.8640625 0.134375 0.13125
13 0.378125 0.88046875 0.14453125 0.0921875
48 0.68984375 0.90078125 0.153125 0.08125
55 0.546875 0.21328125 0.19453125 0.0640625
26 0.38984375 0.21171875 0.1171875 0.0515625
62 0.80078125 0.2375 0.1765625 0.03828125
47 0.73984375 0.40546875 0.1078125 0.153125
71 0.41484375 0.45 0.1546875 0.071875
18 0.8140625 0.46640625 0.13984375 0.0609375
34 0.5984375 0.4640625 0.19765625 0.05625