16 0.6234375 0.47734375 0.109375 0.0390625
29 0.44609375 0.54765625 0.14375 0.115625
15 0.5875 0.58203125 0.16875 0.0921875
23 0.7609375 0.6046875 0.07890625 0.065625
19 0.43359375 0.60390625 0.2875 0.109375
12 0.690625 0.6203125 0.14453125 0.05234375
47 0.7484375 0.83125 0.10625 0.14921875
67 0.6421875 0.8453125 0.10625 0.13125
55 0.3875 0.840625 0.16171875 0.06796875
47 0.79375 0.86328125 0.1125 0.1765625
8 0.75078125 0.928125 0.184375 0.14296875
68 0.35859375 0.92109375 0.19375 0.11875
9 0.53203125 0.92890625 0.1375 0.075
64 0.36484375 0.1515625 0.19375 0.190625
67 0.79140625 0.19296875 0.09375 0.1265625
37 0.84375 0.20078125 0.071875 0.109375
51 0.684375 0.20390625 0.14921875 0.103125
71 0.503125 0.21484375 0.16796875 0.06875
33 0.7796875 0.43359375 0.16640625 0.15
66 0.5703125 0.44140625 0.11640625 0.08125
5 0.40703125 0.4421875 0.18125 0.06640625
16 0.75078125 0.4671875 0.1421875 0.07109375
31 0.33984375 0.45703125 0.0953125 0.0625