62 0.5125 0.46640625 0.16171875 0.04375
33 0.64765625 0.54765625 0.2515625 0.0984375
48 0.37421875 0.59921875 0.1984375 0.103125
64 0.62890625 0.5859375 0.278125 0.10625
51 0.30546875 0.88046875 0.128125 0.1015625
12 0.4734375 0.875 0.146875 0.07421875
34 0.690625 0.8671875 0.209375 0.10859375
37 0.4234375 0.19609375 0.06640625 0.10625
66 0.26875 0.2125 0.16328125 0.078125
71 0.53046875 0.2078125 0.1671875 0.08515625
8 0.659375 0.2078125 0.13203125 0.06640625
18 0.65546875 0.4328125 0.090625 0.065625