67 0.75 0.56875 0.109375 0.134375
29 0.33203125 0.57890625 0.1203125 0.109375
36 0.609375 0.61953125 0.25703125 0.065625
62 0.4421875 0.62578125 0.12890625 0.04375
47 0.64140625 0.8203125 0.1015625 0.15625
37 0.32265625 0.83984375 0.0546875 0.1
5 0.62578125 0.92265625 0.1796875 0.096875
55 0.3578125 0.92265625 0.171875 0.1234375
29 0.33671875 0.1734375 0.171875 0.14375
71 0.7375 0.2171875 0.20703125 0.071875
67 0.7578125 0.4265625 0.11875 0.12734375
8 0.40859375 0.44453125 0.19375 0.0671875
66 0.61875 0.45078125 0.140625 0.0828125