5 0.390625 0.5890625 0.184375 0.07890625
66 0.56640625 0.6 0.1375 0.078125
20 0.7515625 0.6296875 0.20234375 0.08125
15 0.7203125 0.87734375 0.1625 0.1171875
13 0.54375 0.88203125 0.16328125 0.0890625
33 0.375 0.8859375 0.184375 0.11875
67 0.79609375 0.18828125 0.121875 0.1484375
26 0.3671875 0.20859375 0.121875 0.0515625
71 0.51640625 0.21953125 0.2140625 0.059375
64 0.39296875 0.4046875 0.1921875 0.159375
37 0.5375 0.4203125 0.06953125 0.10390625
51 0.75546875 0.44609375 0.1859375 0.1125
68 0.5921875 0.4515625 0.23984375 0.0875