16 0.7453125 0.453125 0.265625 0.0703125
8 0.43671875 0.59609375 0.165625 0.1140625
19 0.75859375 0.58984375 0.209375 0.103125
71 0.5671875 0.60390625 0.1609375 0.0984375
51 0.765625 0.8484375 0.1484375 0.1015625
55 0.50703125 0.86953125 0.153125 0.0828125
23 0.6109375 0.87421875 0.0859375 0.0609375
15 0.3859375 0.90703125 0.1671875 0.1328125
34 0.6515625 0.9296875 0.25 0.0796875
64 0.35234375 0.19453125 0.2640625 0.1234375
31 0.675 0.2078125 0.1109375 0.05625
43 0.78046875 0.2078125 0.1296875 0.04375
62 0.55625 0.22421875 0.125 0.0421875
67 0.55 0.4109375 0.13125 0.1359375
37 0.3546875 0.42578125 0.0671875 0.0921875
18 0.38984375 0.46015625 0.125 0.065625