67 0.7421875 0.55859375 0.115625 0.1359375
29 0.3421875 0.5890625 0.128125 0.12265625
48 0.4640625 0.58984375 0.146875 0.1
71 0.61328125 0.60546875 0.15625 0.0828125
23 0.7546875 0.609375 0.08125 0.06875
15 0.696875 0.8234375 0.15625 0.10390625
8 0.57265625 0.875 0.178125 0.10546875
9 0.39140625 0.89140625 0.1875 0.103125
16 0.76953125 0.89140625 0.2078125 0.1203125
47 0.51015625 0.1578125 0.1140625 0.18125
67 0.3640625 0.184375 0.125 0.13046875
51 0.66484375 0.18671875 0.1828125 0.1078125
68 0.51484375 0.44765625 0.21875 0.084375
55 0.7359375 0.4453125 0.16015625 0.07734375
31 0.35390625 0.4625 0.096875 0.05625