67 0.75078125 0.55859375 0.1140625 0.1359375
29 0.32109375 0.58671875 0.125 0.125
36 0.61796875 0.61640625 0.2515625 0.0671875
62 0.44296875 0.63203125 0.1359375 0.0640625
47 0.6515625 0.815625 0.08984375 0.1625
37 0.33515625 0.846875 0.0546875 0.10078125
51 0.4546875 0.8515625 0.19140625 0.09140625
55 0.37421875 0.92265625 0.159375 0.1125
5 0.62890625 0.92109375 0.1765625 0.09375
29 0.31875 0.1734375 0.1875 0.15
66 0.678125 0.20390625 0.16328125 0.0671875
67 0.753125 0.41640625 0.11796875 0.1265625
68 0.46171875 0.44296875 0.2375 0.0765625