29 0.58671875 0.59140625 0.1703125 0.121875
71 0.725 0.59453125 0.1484375 0.0828125
64 0.38828125 0.60546875 0.2703125 0.090625
9 0.3734375 0.884375 0.1875 0.096875
62 0.534375 0.89140625 0.1265625 0.0609375
18 0.740625 0.89453125 0.109375 0.0765625
67 0.346875 0.17421875 0.1203125 0.140625
67 0.596875 0.18515625 0.1203125 0.1234375
16 0.63984375 0.215625 0.3046875 0.078125
5 0.459375 0.21484375 0.1640625 0.0671875
23 0.78515625 0.22109375 0.08125 0.0546875
48 0.70390625 0.44375 0.2015625 0.09375
19 0.35859375 0.44375 0.209375 0.09375