62 0.70390625 0.471875 0.11875 0.034375
51 0.36640625 0.58359375 0.15 0.1046875
64 0.5359375 0.60390625 0.30625 0.096875
31 0.7421875 0.61328125 0.1046875 0.059375
48 0.56953125 0.85234375 0.1859375 0.078125
29 0.5828125 0.8734375 0.146875 0.153125
23 0.7109375 0.89765625 0.075 0.071875
33 0.3671875 0.921875 0.2078125 0.1203125
67 0.371875 0.17734375 0.109375 0.1296875
66 0.76328125 0.2125 0.140625 0.0703125
8 0.58359375 0.2140625 0.19375 0.0546875
71 0.5609375 0.4421875 0.1625 0.075
34 0.4 0.46484375 0.1953125 0.0609375