66 0.64140625 0.6015625 0.16875 0.07890625
20 0.44921875 0.6078125 0.1765625 0.059375
55 0.80859375 0.603125 0.165625 0.078125
62 0.75234375 0.87265625 0.134375 0.071875
51 0.403125 0.8875 0.146875 0.13203125
71 0.58203125 0.90078125 0.16875 0.090625
67 0.5703125 0.1734375 0.11875 0.14375
18 0.725 0.20703125 0.08671875 0.0453125
21 0.36953125 0.2359375 0.1375 0.02265625
15 0.76953125 0.42734375 0.1796875 0.0890625
8 0.59375 0.45625 0.18828125 0.07421875
16 0.43046875 0.465625 0.1703125 0.05546875