5 0.6 0.5921875 0.20546875 0.10234375
20 0.77890625 0.59375 0.221875 0.08671875
34 0.4109375 0.6140625 0.19140625 0.08125
9 0.65234375 0.878125 0.215625 0.11328125
33 0.428125 0.89140625 0.21796875 0.1328125
21 0.80703125 0.884375 0.1359375 0.09296875
37 0.803125 0.17421875 0.06953125 0.1078125
66 0.371875 0.2140625 0.16328125 0.07265625
23 0.7171875 0.20390625 0.08984375 0.0640625
18 0.56015625 0.215625 0.103125 0.05625
19 0.78671875 0.4265625 0.2 0.10234375
13 0.5890625 0.44453125 0.17890625 0.065625
26 0.421875 0.4609375 0.1625 0.05859375