67 0.74453125 0.57265625 0.1140625 0.134375
29 0.32890625 0.57265625 0.1328125 0.1234375
62 0.58125 0.62421875 0.11328125 0.053125
47 0.62890625 0.81171875 0.09375 0.146875
37 0.3140625 0.83671875 0.05625 0.103125
9 0.58203125 0.90546875 0.2671875 0.0875
55 0.34609375 0.9171875 0.1671875 0.12734375
29 0.34609375 0.16640625 0.1609375 0.1484375
15 0.50234375 0.20234375 0.1953125 0.084375
5 0.6296875 0.2171875 0.278125 0.07890625
71 0.7875 0.22890625 0.10546875 0.05625
66 0.38984375 0.44296875 0.1359375 0.0875
43 0.69609375 0.46328125 0.2 0.0515625
16 0.540625 0.46015625 0.2 0.0703125