5 0.58984375 0.60234375 0.2046875 0.1015625
20 0.7671875 0.62265625 0.221875 0.0859375
34 0.4 0.60390625 0.19296875 0.08125
9 0.61171875 0.8921875 0.215625 0.11484375
33 0.3875 0.88203125 0.21796875 0.1328125
21 0.765625 0.91484375 0.13671875 0.0921875
37 0.83515625 0.2078125 0.0703125 0.10859375
66 0.40234375 0.20234375 0.1640625 0.0734375
23 0.746875 0.228125 0.08828125 0.06328125
18 0.58984375 0.22421875 0.103125 0.05625
19 0.7921875 0.45703125 0.2 0.1015625
13 0.59453125 0.45390625 0.1796875 0.065625
26 0.4265625 0.453125 0.1625 0.05703125