8 0.4265625 0.58671875 0.14765625 0.090625
19 0.75390625 0.6 0.203125 0.09453125
71 0.56171875 0.6046875 0.159375 0.090625
23 0.3390625 0.6234375 0.078125 0.06640625
55 0.6515625 0.8625 0.14375 0.096875
51 0.77421875 0.8625 0.1390625 0.13046875
66 0.51640625 0.87109375 0.14375 0.103125
9 0.3765625 0.89921875 0.153125 0.1046875
18 0.56953125 0.21015625 0.08125 0.0515625
31 0.7078125 0.21484375 0.1125 0.0546875
43 0.78984375 0.2171875 0.1328125 0.0375
37 0.74296875 0.4015625 0.0578125 0.065625
15 0.38125 0.4484375 0.20546875 0.096875
33 0.77734375 0.44453125 0.190625 0.0921875
16 0.615625 0.45859375 0.196875 0.0625