48 0.43828125 0.5921875 0.209375 0.1125
71 0.73125 0.61171875 0.16953125 0.0890625
62 0.57734375 0.62578125 0.1453125 0.0609375
47 0.7171875 0.8375 0.11484375 0.17421875
47 0.64453125 0.853125 0.1015625 0.171875
29 0.35078125 0.8671875 0.1421875 0.13515625
12 0.51171875 0.878125 0.1328125 0.06953125
29 0.56171875 0.1765625 0.1578125 0.146875
5 0.78125 0.2265625 0.18046875 0.07734375
31 0.42265625 0.20859375 0.096875 0.0640625
66 0.625 0.44609375 0.15546875 0.078125
8 0.43828125 0.446875 0.225 0.09453125