37 0.465625 0.56875 0.06328125 0.121875
19 0.7484375 0.6109375 0.20859375 0.10390625
12 0.3625 0.61953125 0.12578125 0.053125
34 0.70390625 0.8984375 0.175 0.103125
36 0.39296875 0.9046875 0.178125 0.08984375
66 0.39296875 0.196875 0.15 0.090625
18 0.5921875 0.21640625 0.0875 0.0578125
31 0.72578125 0.22265625 0.10625 0.0515625
43 0.80546875 0.23359375 0.1515625 0.0515625
15 0.40625 0.4140625 0.14921875 0.053125
71 0.56640625 0.446875 0.1453125 0.08203125
55 0.7484375 0.465625 0.165625 0.07578125
68 0.40078125 0.4578125 0.2921875 0.07265625