66 0.63515625 0.57734375 0.11875 0.0703125
48 0.77734375 0.58125 0.15625 0.09296875
20 0.45546875 0.61328125 0.2609375 0.065625
15 0.396875 0.8671875 0.16796875 0.11640625
33 0.73984375 0.8640625 0.25 0.11015625
13 0.57578125 0.8828125 0.1328125 0.08515625
21 0.54765625 0.94453125 0.2375 0.05625
64 0.78671875 0.1515625 0.175 0.16484375
26 0.65546875 0.2140625 0.1125 0.05234375
34 0.42265625 0.22265625 0.284375 0.053125
67 0.40078125 0.41796875 0.1375 0.1421875
37 0.52890625 0.4203125 0.0703125 0.10859375
51 0.7515625 0.42109375 0.18515625 0.1046875
68 0.58984375 0.44453125 0.2265625 0.0828125