33 0.646875 0.5578125 0.2671875 0.0984375
48 0.3578125 0.58046875 0.221875 0.1
64 0.6265625 0.603125 0.240625 0.1015625
51 0.26875 0.85859375 0.1328125 0.10625
12 0.42890625 0.875 0.146875 0.078125
34 0.66015625 0.88671875 0.2046875 0.1125
37 0.45390625 0.18984375 0.0703125 0.10625
66 0.3015625 0.190625 0.1671875 0.0796875
71 0.55625 0.2125 0.1671875 0.0859375
8 0.69765625 0.22578125 0.121875 0.059375
19 0.321875 0.40625 0.215625 0.0921875
15 0.69140625 0.45546875 0.1953125 0.1046875
62 0.48515625 0.4578125 0.1359375 0.0453125