67 0.5359375 0.56953125 0.10625 0.1328125
15 0.375 0.60234375 0.17578125 0.096875
8 0.68515625 0.609375 0.1890625 0.07421875
51 0.68671875 0.8671875 0.1421875 0.128125
48 0.540625 0.87109375 0.11796875 0.1078125
5 0.803125 0.875 0.11796875 0.11328125
43 0.37109375 0.8828125 0.14375 0.08125
64 0.721875 0.20234375 0.25546875 0.0828125
33 0.53125 0.21171875 0.20078125 0.0671875
23 0.38046875 0.21953125 0.0796875 0.053125
71 0.38515625 0.45234375 0.153125 0.059375
55 0.65234375 0.45 0.2671875 0.071875