36 0.33203125 0.58828125 0.078125 0.1515625
8 0.40859375 0.590625 0.14375 0.07578125
48 0.7828125 0.58671875 0.14609375 0.0984375
64 0.5828125 0.59609375 0.29609375 0.128125
47 0.684375 0.81640625 0.096875 0.159375
47 0.77265625 0.8140625 0.0921875 0.1625
33 0.41328125 0.86875 0.23125 0.11953125
62 0.58046875 0.875 0.1015625 0.06328125
5 0.7578125 0.88203125 0.2 0.1
51 0.78125 0.1859375 0.13203125 0.09765625
16 0.63828125 0.215625 0.184375 0.053125
12 0.34375 0.228125 0.12578125 0.046875
19 0.4125 0.453125 0.2875 0.08828125
18 0.684375 0.45 0.10703125 0.05703125