48 0.784375 0.5953125 0.146875 0.09375
8 0.64296875 0.61640625 0.1734375 0.078125
36 0.4125 0.62421875 0.203125 0.053125
43 0.71328125 0.8703125 0.0578125 0.040625
43 0.8078125 0.88359375 0.090625 0.078125
5 0.6125 0.88515625 0.1015625 0.10625
64 0.42890625 0.896875 0.265625 0.14375
5 0.74453125 0.9125 0.0875 0.065625
51 0.7953125 0.19765625 0.140625 0.0921875
16 0.659375 0.22265625 0.1625 0.040625
12 0.3546875 0.22421875 0.1328125 0.0375
62 0.5171875 0.22578125 0.128125 0.0296875
19 0.415625 0.44765625 0.275 0.08125
18 0.68671875 0.4578125 0.1046875 0.05625