5 0.58828125 0.59140625 0.190625 0.10625
20 0.7796875 0.5984375 0.22265625 0.07890625
34 0.40859375 0.61171875 0.1984375 0.078125
9 0.64765625 0.88125 0.2171875 0.109375
33 0.42109375 0.896875 0.2234375 0.128125
21 0.79765625 0.88828125 0.1328125 0.0859375
55 0.75 0.19765625 0.215625 0.0765625
66 0.37578125 0.21328125 0.1328125 0.06875
18 0.5390625 0.2109375 0.14375 0.06015625
19 0.74765625 0.4296875 0.196875 0.10234375
13 0.403125 0.45 0.16953125 0.06171875
26 0.52890625 0.4515625 0.1359375 0.05390625