37 0.46875 0.56953125 0.0609375 0.1234375
19 0.753125 0.5953125 0.2078125 0.10625
12 0.37734375 0.62890625 0.1421875 0.0546875
64 0.80078125 0.84453125 0.1609375 0.2265625
33 0.52734375 0.87421875 0.2 0.1109375
36 0.42421875 0.90546875 0.2125 0.0859375
66 0.3609375 0.2078125 0.1671875 0.0921875
18 0.57109375 0.21015625 0.08125 0.05
31 0.70390625 0.21015625 0.0953125 0.05625
43 0.7875 0.2125 0.1546875 0.040625
15 0.3984375 0.42578125 0.1796875 0.071875
71 0.5640625 0.44453125 0.14375 0.0734375
55 0.7484375 0.44765625 0.1765625 0.071875
68 0.40546875 0.46328125 0.2875 0.0875