29 0.4078125 0.55703125 0.16015625 0.13125
19 0.75234375 0.61484375 0.2125 0.1046875
16 0.54921875 0.615625 0.228125 0.0875
31 0.35546875 0.60546875 0.1 0.0671875
8 0.76796875 0.890625 0.1859375 0.140625
36 0.3890625 0.9 0.18515625 0.0875
23 0.61015625 0.92421875 0.0828125 0.0828125
18 0.60390625 0.2171875 0.0953125 0.059375
12 0.77109375 0.24296875 0.13125 0.0328125
15 0.4078125 0.415625 0.1625 0.065625
37 0.709375 0.44296875 0.06875 0.109375
71 0.56875 0.446875 0.146875 0.08203125
55 0.428125 0.4609375 0.259375 0.071875