29 0.403125 0.55546875 0.171875 0.125
19 0.7515625 0.61171875 0.19140625 0.10625
31 0.36015625 0.60625 0.1046875 0.06953125
16 0.5484375 0.61484375 0.225 0.0828125
8 0.76796875 0.8859375 0.1796875 0.12890625
36 0.39140625 0.9015625 0.1984375 0.08515625
23 0.6171875 0.921875 0.08359375 0.08046875
18 0.59765625 0.2140625 0.0953125 0.05859375
12 0.76640625 0.2359375 0.1234375 0.034375
64 0.41171875 0.4125 0.259375 0.165625
37 0.709375 0.43984375 0.075 0.109375
71 0.56640625 0.44765625 0.1375 0.08125