16 0.6234375 0.47265625 0.1 0.04375
15 0.634375 0.5515625 0.15625 0.046875
66 0.41015625 0.57578125 0.1578125 0.059375
23 0.771875 0.5828125 0.06953125 0.05859375
48 0.6546875 0.59609375 0.20390625 0.096875
31 0.821875 0.6203125 0.11953125 0.059375
62 0.42421875 0.63203125 0.1578125 0.046875
67 0.78203125 0.82265625 0.1046875 0.1015625
12 0.53671875 0.84296875 0.1109375 0.0734375
55 0.4109375 0.85703125 0.14375 0.09375
34 0.765625 0.90546875 0.171875 0.08125
43 0.3734375 0.928125 0.15390625 0.084375
36 0.54921875 0.95703125 0.1953125 0.0828125
64 0.33203125 0.16328125 0.1796875 0.1796875
67 0.775 0.17578125 0.1 0.1359375
51 0.66171875 0.17890625 0.115625 0.05
37 0.82421875 0.18203125 0.065625 0.115625
68 0.6625 0.20703125 0.24453125 0.0828125
71 0.48125 0.21328125 0.1625 0.059375
29 0.51328125 0.4109375 0.13125 0.13125
33 0.7828125 0.4140625 0.17265625 0.146875
29 0.64609375 0.42109375 0.1515625 0.1
5 0.39609375 0.44453125 0.1609375 0.0484375
18 0.4234375 0.45546875 0.14609375 0.053125
16 0.740625 0.459375 0.13125 0.06796875