19 0.56328125 0.59921875 0.278125 0.084375
26 0.37109375 0.603125 0.1125 0.059375
20 0.7765625 0.60703125 0.215625 0.071875
9 0.6953125 0.8765625 0.215625 0.1
34 0.3984375 0.88046875 0.178125 0.096875
21 0.52734375 0.88828125 0.103125 0.078125
33 0.346875 0.1890625 0.13671875 0.1125
51 0.74296875 0.1984375 0.196875 0.0875
18 0.57109375 0.2171875 0.09375 0.04375
37 0.66015625 0.41875 0.0625 0.10078125
66 0.5421875 0.44921875 0.17109375 0.06875
23 0.4 0.45546875 0.08046875 0.065625
13 0.78359375 0.459375 0.1484375 0.05546875