51 0.37265625 0.575 0.1390625 0.109375
19 0.734375 0.5890625 0.196875 0.08984375
55 0.55546875 0.60390625 0.1484375 0.0796875
29 0.59140625 0.84609375 0.1609375 0.0953125
5 0.73671875 0.8671875 0.1734375 0.09765625
23 0.3671875 0.9 0.07265625 0.078125
8 0.546875 0.91171875 0.21953125 0.0859375
47 0.7359375 0.17109375 0.09765625 0.146875
16 0.3828125 0.221875 0.20625 0.05
12 0.5796875 0.2234375 0.14765625 0.04609375
66 0.35546875 0.45078125 0.1421875 0.0828125
71 0.5640625 0.4515625 0.22109375 0.07265625
43 0.75703125 0.4625 0.1921875 0.053125