21 0.8125 0.48828125 0.128125 0.0390625
8 0.6234375 0.5921875 0.1078125 0.0921875
26 0.45546875 0.59609375 0.1015625 0.065625
5 0.803125 0.621875 0.175 0.0984375
47 0.4546875 0.834375 0.109375 0.165625
55 0.77265625 0.90859375 0.1484375 0.115625
33 0.5921875 0.90625 0.2265625 0.115625
37 0.85234375 0.20859375 0.0796875 0.1109375
71 0.70390625 0.21953125 0.159375 0.0765625
66 0.42265625 0.20703125 0.15 0.0671875
13 0.55078125 0.21875 0.1390625 0.0578125
67 0.6828125 0.42265625 0.115625 0.14375
64 0.4671875 0.44453125 0.265625 0.084375