67 0.7421875 0.56171875 0.1125 0.1359375
29 0.3265625 0.5859375 0.125 0.11640625
8 0.63046875 0.60625 0.1984375 0.0875
62 0.4453125 0.628125 0.134375 0.046875
47 0.6515625 0.815625 0.09375 0.159375
37 0.33671875 0.84765625 0.0546875 0.103125
51 0.45625 0.85234375 0.190625 0.09375
43 0.74453125 0.90546875 0.15625 0.090625
55 0.371875 0.92578125 0.178125 0.1234375
29 0.33125 0.1796875 0.16328125 0.14609375
66 0.68359375 0.20546875 0.1671875 0.0796875
67 0.75859375 0.4171875 0.1203125 0.12890625
23 0.3265625 0.46484375 0.08125 0.0640625
33 0.52421875 0.4640625 0.246875 0.06015625