21 0.5765625 0.47421875 0.12890625 0.0296875
29 0.43046875 0.57265625 0.121875 0.115625
20 0.58359375 0.60703125 0.1625 0.053125
18 0.77109375 0.6078125 0.15 0.05234375
67 0.784375 0.85546875 0.115625 0.1328125
33 0.665625 0.86484375 0.146875 0.115625
16 0.51328125 0.8703125 0.14375 0.0875
66 0.38515625 0.87421875 0.128125 0.09375
48 0.46171875 0.20625 0.1625 0.06875
55 0.78984375 0.21484375 0.14375 0.053125
71 0.5890625 0.21484375 0.12890625 0.053125
47 0.690625 0.3984375 0.08125 0.15
23 0.76875 0.44375 0.06875 0.059375
26 0.41796875 0.45390625 0.1046875 0.05