16 0.6203125 0.4765625 0.1125 0.03984375
29 0.43359375 0.55546875 0.125 0.115625
15 0.5859375 0.57109375 0.17265625 0.075
23 0.7671875 0.60078125 0.078125 0.0640625
19 0.64921875 0.6078125 0.2734375 0.10625
48 0.409375 0.60625 0.209375 0.09375
47 0.75078125 0.83984375 0.1015625 0.1703125
55 0.38515625 0.8484375 0.159375 0.090625
47 0.79765625 0.86796875 0.1125 0.1859375
67 0.65703125 0.8703125 0.134375 0.13515625
34 0.5125 0.91640625 0.203125 0.125
43 0.3453125 0.9203125 0.14609375 0.08515625
8 0.76015625 0.9375 0.2078125 0.11328125
64 0.3484375 0.15390625 0.178125 0.1890625
67 0.79296875 0.1859375 0.1046875 0.121875
51 0.68125 0.18671875 0.1125 0.0546875
37 0.83984375 0.19609375 0.0703125 0.1171875
68 0.67421875 0.21640625 0.2609375 0.0875
71 0.48828125 0.21484375 0.1453125 0.0546875
33 0.78046875 0.42734375 0.16875 0.1515625
66 0.571875 0.43828125 0.12421875 0.075
5 0.4046875 0.44375 0.184375 0.06953125
16 0.7484375 0.4671875 0.14140625 0.07265625
31 0.33515625 0.45546875 0.1078125 0.0625
12 0.465625 0.46328125 0.13828125 0.05