15 0.621875 0.5578125 0.15546875 0.05625
66 0.403125 0.57890625 0.15703125 0.0734375
67 0.78984375 0.57890625 0.115625 0.1453125
48 0.63984375 0.59609375 0.203125 0.09375
12 0.4375 0.628125 0.14921875 0.059375
47 0.765625 0.81640625 0.08828125 0.1625
47 0.6828125 0.81796875 0.09765625 0.1671875
62 0.571875 0.859375 0.11953125 0.05078125
19 0.78203125 0.92109375 0.2078125 0.13125
55 0.553125 0.92578125 0.171875 0.1171875
8 0.37578125 0.94609375 0.1859375 0.096875
64 0.36875 0.18359375 0.246875 0.121875
51 0.790625 0.19453125 0.13125 0.0921875
16 0.46484375 0.21484375 0.2203125 0.0578125
71 0.6484375 0.21171875 0.159375 0.065625
29 0.64140625 0.425 0.1625 0.10078125
5 0.3953125 0.43828125 0.153125 0.059375
31 0.52578125 0.45390625 0.0953125 0.05625
18 0.421875 0.4578125 0.13671875 0.059375