21 0.5765625 0.4765625 0.165625 0.03515625
18 0.425 0.6015625 0.14453125 0.059375
71 0.6734375 0.6125 0.15 0.06796875
67 0.79375 0.8390625 0.10078125 0.14140625
29 0.35859375 0.8421875 0.0984375 0.121875
33 0.51328125 0.86796875 0.2109375 0.1
16 0.69609375 0.884375 0.128125 0.10546875
55 0.8 0.225 0.14453125 0.059375
62 0.64921875 0.23203125 0.15625 0.0375
47 0.4671875 0.396875 0.08515625 0.153125
15 0.765625 0.44921875 0.175 0.09375
23 0.64375 0.45 0.071875 0.0625
26 0.41953125 0.45078125 0.10625 0.053125