12 0.35546875 0.47578125 0.125 0.05625
36 0.7484375 0.45546875 0.25859375 0.059375
48 0.36640625 0.60546875 0.15 0.1015625
18 0.54296875 0.596875 0.1421875 0.06328125
19 0.75546875 0.590625 0.2015625 0.09921875
5 0.59765625 0.85078125 0.084375 0.065625
5 0.7359375 0.85703125 0.128125 0.09375
43 0.36328125 0.8859375 0.078125 0.04375
43 0.52890625 0.88203125 0.1390625 0.0875
67 0.7578125 0.165625 0.125 0.13125
66 0.4265625 0.2109375 0.15390625 0.08359375
71 0.6046875 0.20703125 0.16640625 0.078125
33 0.46640625 0.446875 0.3125 0.08203125