21 0.575 0.47265625 0.165625 0.0328125
66 0.7984375 0.590625 0.13125 0.0828125
18 0.43046875 0.60546875 0.1453125 0.0578125
20 0.653125 0.6078125 0.1640625 0.0546875
67 0.8109375 0.8234375 0.0984375 0.140625
29 0.3765625 0.84921875 0.096875 0.1203125
33 0.53203125 0.86640625 0.209375 0.0953125
16 0.715625 0.8734375 0.1265625 0.1015625
48 0.45625 0.20703125 0.1640625 0.0703125
55 0.78515625 0.21015625 0.1453125 0.05625
71 0.584375 0.21328125 0.13125 0.05625
47 0.46171875 0.39921875 0.0828125 0.1515625
15 0.7546875 0.43046875 0.1578125 0.08125
23 0.64140625 0.44296875 0.0703125 0.0609375
26 0.4171875 0.45546875 0.10625 0.0515625