9 0.7375 0.4578125 0.228125 0.059375
67 0.7421875 0.56328125 0.11015625 0.146875
29 0.33125 0.58984375 0.13828125 0.1265625
51 0.45703125 0.60234375 0.15625 0.1046875
8 0.6296875 0.60234375 0.20234375 0.0875
23 0.75390625 0.60859375 0.08125 0.0703125
37 0.3484375 0.8484375 0.059375 0.10234375
12 0.57265625 0.88671875 0.1421875 0.0828125
43 0.75 0.9 0.15546875 0.09375
36 0.40234375 0.940625 0.2359375 0.103125
62 0.6671875 0.9578125 0.17890625 0.07265625
47 0.509375 0.1609375 0.11796875 0.18515625
67 0.3640625 0.1859375 0.12734375 0.13359375
55 0.68203125 0.21171875 0.18125 0.065625
68 0.55390625 0.45078125 0.1484375 0.084375
31 0.35390625 0.46171875 0.096875 0.0578125