19 0.43125 0.5875 0.19375 0.0875
20 0.78125 0.62109375 0.16875 0.0578125
33 0.6296875 0.8421875 0.18984375 0.11640625
29 0.48515625 0.8640625 0.1359375 0.13359375
13 0.37109375 0.878125 0.146875 0.09375
43 0.75 0.91953125 0.09375 0.0796875
43 0.58828125 0.91484375 0.0703125 0.0484375
55 0.5515625 0.2140625 0.19609375 0.06640625
26 0.39453125 0.209375 0.1171875 0.053125
62 0.80546875 0.24296875 0.1765625 0.0421875
47 0.74140625 0.409375 0.1109375 0.15546875
51 0.79609375 0.45390625 0.159375 0.103125
71 0.6 0.45 0.15625 0.075
34 0.4328125 0.4515625 0.19765625 0.059375