29 0.63515625 0.55625 0.10625 0.09375
19 0.42734375 0.590625 0.178125 0.08203125
9 0.7859375 0.5953125 0.14765625 0.053125
18 0.60625 0.60703125 0.08203125 0.0609375
68 0.77265625 0.84765625 0.15625 0.0796875
33 0.40390625 0.87578125 0.134375 0.15
15 0.621875 0.87578125 0.171875 0.1109375
47 0.41328125 0.17109375 0.109375 0.1515625
26 0.82421875 0.21640625 0.1328125 0.040625
13 0.66796875 0.21796875 0.15 0.0421875
62 0.5140625 0.225 0.125 0.0375
67 0.72890625 0.41015625 0.1078125 0.121875
5 0.4875 0.4375 0.23828125 0.06171875
16 0.3734375 0.4625 0.13984375 0.06171875