64 0.45546875 0.55859375 0.259375 0.1125
23 0.7453125 0.60234375 0.07890625 0.0671875
13 0.6015625 0.60546875 0.14375 0.0671875
16 0.365625 0.61640625 0.13046875 0.059375
66 0.64140625 0.884375 0.1453125 0.08671875
68 0.7828125 0.8875 0.171875 0.13125
5 0.39296875 0.88359375 0.184375 0.0984375
47 0.65390625 0.171875 0.10625 0.15703125
15 0.8109375 0.2046875 0.19609375 0.09375
19 0.41484375 0.2 0.2015625 0.0875
67 0.3953125 0.40546875 0.11640625 0.121875
18 0.75234375 0.45234375 0.128125 0.0609375
34 0.5625 0.45859375 0.24921875 0.0625