5 0.40078125 0.596875 0.178125 0.07421875
13 0.53671875 0.61171875 0.1859375 0.06875
21 0.7421875 0.6171875 0.12890625 0.05234375
18 0.40703125 0.8640625 0.1390625 0.06484375
66 0.60234375 0.86484375 0.1296875 0.0859375
20 0.77421875 0.90234375 0.209375 0.1109375
67 0.77578125 0.16953125 0.1234375 0.1375
71 0.3765625 0.21015625 0.17265625 0.0703125
26 0.58828125 0.215625 0.1640625 0.05078125
64 0.39375 0.4140625 0.20078125 0.14375
51 0.75 0.4265625 0.19296875 0.10625
37 0.51796875 0.43125 0.06875 0.115625
68 0.6078125 0.4453125 0.14375 0.08515625