67 0.7484375 0.56953125 0.10859375 0.134375
29 0.34375 0.58046875 0.13046875 0.1078125
62 0.6015625 0.61640625 0.12734375 0.05
47 0.6375 0.81328125 0.09921875 0.1515625
37 0.32265625 0.83984375 0.0546875 0.1015625
9 0.590625 0.90390625 0.2625 0.0828125
55 0.36015625 0.91796875 0.1671875 0.1140625
29 0.33828125 0.1703125 0.1515625 0.15234375
15 0.50078125 0.20390625 0.19375 0.084375
71 0.7375 0.2171875 0.19921875 0.07265625
66 0.38359375 0.44296875 0.14375 0.078125
43 0.69375 0.4578125 0.19375 0.04375
16 0.54140625 0.46015625 0.2 0.0671875