5 0.5984375 0.59453125 0.203125 0.096875
20 0.77734375 0.59921875 0.221875 0.0828125
34 0.409375 0.6125 0.1921875 0.078125
9 0.6453125 0.88125 0.2140625 0.1109375
33 0.42109375 0.890625 0.215625 0.1296875
21 0.80078125 0.88984375 0.134375 0.0890625
37 0.80859375 0.1796875 0.06875 0.10625
66 0.3765625 0.21171875 0.1625 0.071875
23 0.721875 0.2078125 0.0890625 0.0625
18 0.56484375 0.2171875 0.1015625 0.0546875
19 0.7875 0.43125 0.1984375 0.0984375
13 0.590625 0.44609375 0.1796875 0.0625
26 0.42265625 0.459375 0.1625 0.0546875