5 0.40078125 0.596875 0.1796875 0.075
13 0.54140625 0.61171875 0.18125 0.078125
20 0.7609375 0.61015625 0.19765625 0.078125
33 0.7203125 0.8515625 0.15390625 0.12734375
18 0.4125 0.87578125 0.134375 0.0671875
66 0.60546875 0.87265625 0.125 0.0828125
67 0.77109375 0.165625 0.1203125 0.14296875
71 0.4921875 0.21171875 0.21875 0.071875
26 0.34375 0.221875 0.11796875 0.05
64 0.3921875 0.41796875 0.19609375 0.15
37 0.52734375 0.415625 0.0734375 0.09921875
51 0.75546875 0.4234375 0.1890625 0.109375
68 0.58828125 0.44375 0.2359375 0.08125