8 0.571875 0.66484375 0.078125 0.060546875
8 0.603125 0.68515625 0.044140625 0.066796875
18 0.5859375 0.58828125 0.08984375 0.057421875
47 0.0640625 0.54296875 0.128125 0.053125
47 0.0640625 0.603125 0.128125 0.053125
51 0.01640625 0.65234375 0.0328125 0.0390625
51 0.0140625 0.675 0.028125 0.037109375
51 0.01640625 0.6921875 0.0328125 0.040625
51 0.021875 0.6609375 0.04375 0.0375
25 0.9640625 0.671875 0.055859375 0.033984375
25 0.9640625 0.703125 0.06015625 0.02578125
25 0.95859375 0.6453125 0.05 0.02734375
13 0.953125 0.4453125 0.066015625 0.07890625