16 0.62421875 0.46640625 0.1296875 0.0421875
29 0.4359375 0.54296875 0.1421875 0.0703125
15 0.58671875 0.5625 0.1578125 0.071875
23 0.775 0.565625 0.078125 0.040625
19 0.6546875 0.59765625 0.2515625 0.103125
48 0.425 0.6109375 0.2328125 0.103125
31 0.8296875 0.60703125 0.115625 0.0671875
47 0.7703125 0.8125 0.103125 0.153125
55 0.41953125 0.8546875 0.1390625 0.09375
47 0.8234375 0.83515625 0.115625 0.178125
36 0.571875 0.85078125 0.1421875 0.065625
67 0.68984375 0.85625 0.115625 0.1421875
8 0.79765625 0.90390625 0.2 0.13125
34 0.546875 0.92109375 0.1703125 0.14375
43 0.384375 0.9390625 0.1546875 0.0984375
64 0.32265625 0.16640625 0.184375 0.1875
67 0.75859375 0.1625 0.1015625 0.1296875
51 0.6515625 0.17109375 0.1140625 0.053125
37 0.81328125 0.16953125 0.0734375 0.115625
68 0.64609375 0.19765625 0.2640625 0.084375
71 0.4671875 0.21953125 0.1515625 0.0609375
33 0.78671875 0.4 0.1640625 0.15625
66 0.5671875 0.43203125 0.1359375 0.0796875
5 0.403125 0.446875 0.171875 0.06875
18 0.41796875 0.4578125 0.1421875 0.06875
16 0.74453125 0.44765625 0.1265625 0.071875