16 0.61796875 0.46640625 0.1140625 0.0421875
29 0.4390625 0.5609375 0.12734375 0.11640625
15 0.59140625 0.56328125 0.175 0.078125
23 0.775 0.57734375 0.08046875 0.065625
19 0.65859375 0.59453125 0.275 0.1109375
48 0.41875 0.6140625 0.21171875 0.096875
47 0.7796875 0.8171875 0.103125 0.171875
55 0.41640625 0.85703125 0.1609375 0.09375
47 0.828125 0.840625 0.115625 0.1875
67 0.68828125 0.85546875 0.1359375 0.1390625
34 0.54921875 0.91328125 0.2046875 0.1296875
43 0.3828125 0.9328125 0.146875 0.08984375
8 0.796875 0.91328125 0.209375 0.1171875
64 0.31875 0.16875 0.18046875 0.19296875
67 0.76484375 0.16171875 0.10625 0.1234375
51 0.653125 0.171875 0.11328125 0.05625
37 0.81171875 0.16796875 0.071875 0.11875
68 0.6484375 0.20234375 0.2625 0.0921875
71 0.46328125 0.2171875 0.1453125 0.05859375
33 0.7734375 0.40390625 0.171875 0.153125
66 0.56640625 0.43203125 0.125 0.0765625
5 0.40078125 0.45234375 0.184375 0.0734375
16 0.74453125 0.44609375 0.14375 0.075
31 0.33203125 0.46953125 0.109375 0.065625
12 0.4625 0.46640625 0.140625 0.053125