18 0.43046875 0.59453125 0.146875 0.046875
68 0.76796875 0.59609375 0.178125 0.0953125
48 0.603125 0.6 0.153125 0.078125
66 0.54375 0.8578125 0.121875 0.0875
13 0.41171875 0.8703125 0.115625 0.078125
9 0.73671875 0.87421875 0.1578125 0.0734375
29 0.80234375 0.190625 0.15625 0.10078125
62 0.65 0.228125 0.16953125 0.034375
37 0.74921875 0.40546875 0.059375 0.0734375
55 0.48046875 0.428125 0.09375 0.04453125
23 0.58203125 0.446875 0.0671875 0.06328125
64 0.7140625 0.453125 0.30234375 0.06328125
8 0.421875 0.46328125 0.203125 0.06875