29 0.48125 0.5625 0.1171875 0.1171875
55 0.58046875 0.59375 0.1921875 0.096875
8 0.36953125 0.6109375 0.1671875 0.0890625
66 0.51640625 0.86328125 0.171875 0.103125
43 0.36484375 0.88515625 0.1265625 0.084375
9 0.76640625 0.87578125 0.20625 0.1015625
67 0.36953125 0.18046875 0.1046875 0.134375
29 0.77578125 0.18203125 0.1328125 0.1125
71 0.52578125 0.21484375 0.165625 0.06875
47 0.590625 0.39609375 0.115625 0.1546875
64 0.4140625 0.45234375 0.2671875 0.090625
33 0.67890625 0.45703125 0.259375 0.0734375