8 0.4234375 0.590625 0.16640625 0.09921875
19 0.7484375 0.60703125 0.21484375 0.103125
71 0.5578125 0.60546875 0.15 0.0875
55 0.4796875 0.865625 0.14375 0.07578125
15 0.353125 0.9 0.175 0.11953125
64 0.3796875 0.18671875 0.25859375 0.1171875
31 0.69765625 0.2203125 0.1203125 0.05625
43 0.79921875 0.22890625 0.121875 0.04375
62 0.578125 0.23046875 0.128125 0.03125
37 0.3578125 0.42109375 0.06484375 0.103125
66 0.584375 0.43984375 0.13671875 0.078125
5 0.71328125 0.4578125 0.1640625 0.07265625
18 0.40859375 0.45234375 0.1265625 0.059375