29 0.540625 0.57421875 0.14921875 0.1390625
15 0.3703125 0.5953125 0.175 0.09765625
16 0.7703125 0.62265625 0.17890625 0.08125
47 0.76484375 0.8453125 0.1 0.17109375
51 0.6359375 0.8640625 0.1375 0.12265625
8 0.5109375 0.87890625 0.20859375 0.1140625
43 0.359375 0.87890625 0.14921875 0.0828125
29 0.81796875 0.1984375 0.1234375 0.1125
33 0.4203125 0.21328125 0.24765625 0.0703125
64 0.42421875 0.440625 0.2453125 0.090625
71 0.575 0.459375 0.18203125 0.06796875
34 0.75546875 0.46953125 0.196875 0.059375