21 0.49765625 0.46953125 0.2 0.0453125
29 0.4265625 0.56875 0.1265625 0.121875
20 0.578125 0.6109375 0.165625 0.0609375
18 0.76484375 0.621875 0.153125 0.059375
67 0.765625 0.86953125 0.1234375 0.1390625
33 0.64609375 0.87265625 0.153125 0.121875
16 0.49375 0.8703125 0.1484375 0.0953125
66 0.365625 0.86796875 0.1328125 0.1015625
55 0.7625 0.22109375 0.1953125 0.0765625
26 0.47421875 0.21328125 0.13125 0.0546875
47 0.37734375 0.43359375 0.128125 0.08125
23 0.68828125 0.45546875 0.071875 0.0625
48 0.790625 0.46484375 0.1359375 0.0734375