19 0.4328125 0.58828125 0.19375 0.084375
71 0.76796875 0.60390625 0.140625 0.06875
13 0.62734375 0.61640625 0.1546875 0.06875
67 0.8 0.83828125 0.09921875 0.1390625
29 0.37265625 0.834375 0.10625 0.128125
33 0.5703125 0.87109375 0.21484375 0.1046875
43 0.6984375 0.91171875 0.065625 0.0609375
43 0.81875 0.9328125 0.06328125 0.04765625
55 0.803125 0.228125 0.15625 0.06171875
62 0.67578125 0.2328125 0.1515625 0.03984375
47 0.746875 0.40546875 0.10703125 0.153125
51 0.809375 0.446875 0.15703125 0.1
15 0.65625 0.44375 0.16171875 0.09296875
34 0.4515625 0.45390625 0.19765625 0.05625