16 0.62109375 0.46640625 0.1109375 0.04375
29 0.4484375 0.5703125 0.140625 0.1375
67 0.36015625 0.5828125 0.11875 0.14375
15 0.590625 0.575 0.18125 0.096875
23 0.72421875 0.5984375 0.08125 0.06640625
47 0.7734375 0.8203125 0.11484375 0.165625
47 0.8203125 0.83984375 0.10859375 0.1703125
8 0.63671875 0.846875 0.2078125 0.10546875
68 0.38046875 0.8921875 0.1703125 0.125
64 0.33125 0.16953125 0.23203125 0.165625
67 0.5234375 0.1765625 0.12734375 0.13359375
51 0.653125 0.1921875 0.15078125 0.09140625
31 0.7953125 0.2078125 0.11484375 0.05
33 0.78359375 0.4109375 0.171875 0.15859375
37 0.33671875 0.440625 0.0671875 0.11796875
66 0.56640625 0.4359375 0.121875 0.07890625
71 0.43828125 0.45 0.1453125 0.06953125
16 0.73828125 0.45 0.140625 0.06875