29 0.41328125 0.5625 0.1640625 0.1171875
19 0.75859375 0.590625 0.2 0.1015625
48 0.37265625 0.61171875 0.1703125 0.1015625
16 0.5546875 0.6078125 0.228125 0.0890625
8 0.8 0.8625 0.16875 0.13125
36 0.428125 0.91015625 0.1890625 0.0953125
23 0.653125 0.90859375 0.0828125 0.0796875
66 0.34375 0.20859375 0.146875 0.0859375
18 0.57578125 0.2078125 0.1046875 0.059375
62 0.76640625 0.21640625 0.1203125 0.0390625
29 0.3828125 0.4421875 0.1578125 0.11875
37 0.7640625 0.421875 0.0890625 0.121875
31 0.6671875 0.42890625 0.1015625 0.034375
71 0.54921875 0.44140625 0.1609375 0.0890625
43 0.73203125 0.44375 0.2125 0.0578125