29 0.41015625 0.56015625 0.1578125 0.1265625
19 0.75625 0.60625 0.209375 0.09921875
16 0.553125 0.61328125 0.225 0.0796875
31 0.35859375 0.6109375 0.0984375 0.06484375
8 0.78203125 0.88046875 0.18125 0.134375
36 0.403125 0.90390625 0.18203125 0.08125
23 0.625 0.9203125 0.08046875 0.07890625
18 0.59375 0.2140625 0.09375 0.05625
12 0.76171875 0.23359375 0.1296875 0.028125
15 0.4046875 0.41875 0.16015625 0.059375
37 0.70703125 0.4359375 0.065625 0.10625
71 0.56640625 0.44453125 0.14375 0.078125
55 0.42734375 0.46328125 0.2578125 0.0625