67 0.7453125 0.5546875 0.1203125 0.1375
29 0.3296875 0.5921875 0.1296875 0.121875
8 0.63515625 0.60078125 0.20625 0.09375
62 0.45 0.63046875 0.1359375 0.0515625
37 0.34765625 0.8515625 0.0578125 0.1
51 0.46640625 0.853125 0.1921875 0.0984375
23 0.71328125 0.84921875 0.0734375 0.0703125
12 0.5890625 0.90078125 0.146875 0.0890625
43 0.7578125 0.89609375 0.1609375 0.0953125
36 0.409375 0.9421875 0.2375 0.1046875
29 0.3203125 0.1859375 0.16875 0.1515625
55 0.69609375 0.20703125 0.1703125 0.0671875
47 0.33125 0.41796875 0.109375 0.178125
67 0.72578125 0.41015625 0.121875 0.1328125
33 0.5234375 0.46328125 0.2484375 0.0703125