16 0.77890625 0.4703125 0.259375 0.04375
66 0.4046875 0.60390625 0.16015625 0.0703125
20 0.59375 0.609375 0.16953125 0.053125
12 0.796875 0.61875 0.11875 0.03828125
67 0.60234375 0.82734375 0.1078125 0.1203125
34 0.47578125 0.88046875 0.196875 0.0859375
9 0.73359375 0.88515625 0.1640625 0.0890625
29 0.61484375 0.1984375 0.1203125 0.09609375
19 0.41640625 0.2078125 0.1796875 0.071875
5 0.7796875 0.2171875 0.171875 0.05390625
47 0.40390625 0.40234375 0.09375 0.1546875
23 0.7328125 0.44296875 0.06640625 0.053125
26 0.56484375 0.45546875 0.109375 0.05