18 0.54609375 0.59453125 0.128125 0.06875
13 0.7546875 0.6015625 0.15234375 0.06875
16 0.36640625 0.61875 0.1359375 0.059375
66 0.5625 0.8671875 0.134375 0.08359375
68 0.7921875 0.875 0.165625 0.12578125
5 0.4078125 0.8859375 0.178125 0.09609375
47 0.640625 0.1625 0.109375 0.16171875
15 0.80390625 0.19296875 0.2 0.0953125
23 0.4640625 0.2203125 0.07734375 0.05
12 0.365625 0.22265625 0.128125 0.04375
67 0.390625 0.41484375 0.12421875 0.1375
64 0.590625 0.4203125 0.28828125 0.096875
34 0.746875 0.45703125 0.29375 0.0546875