16 0.75078125 0.4796875 0.271875 0.071875
8 0.42734375 0.5859375 0.1515625 0.10859375
19 0.75 0.61796875 0.19921875 0.1046875
71 0.5546875 0.60859375 0.159375 0.0890625
23 0.33984375 0.6078125 0.084375 0.075
51 0.7265625 0.87265625 0.13984375 0.1203125
55 0.4609375 0.8671875 0.153125 0.06875
15 0.33828125 0.890625 0.1921875 0.128125
36 0.578125 0.94765625 0.23125 0.1015625
64 0.38515625 0.18046875 0.265625 0.134375
31 0.703125 0.225 0.1 0.0625
43 0.803125 0.23984375 0.14453125 0.0546875
62 0.58359375 0.234375 0.1484375 0.046875
37 0.35703125 0.39921875 0.0625 0.0828125
67 0.55703125 0.4171875 0.1203125 0.1375
18 0.39609375 0.44921875 0.128125 0.0625