18 0.52890625 0.59765625 0.146875 0.065625
26 0.7359375 0.5921875 0.125 0.05859375
47 0.37734375 0.6046875 0.10625 0.096875
64 0.44921875 0.80546875 0.2421875 0.15
62 0.75703125 0.84765625 0.13125 0.071875
9 0.5859375 0.88359375 0.22109375 0.115625
55 0.38828125 0.89765625 0.1375 0.0875
71 0.61328125 0.2078125 0.171875 0.06640625
12 0.78046875 0.21171875 0.1578125 0.0484375
16 0.4140625 0.22890625 0.24140625 0.040625
67 0.70859375 0.43671875 0.2 0.0859375
34 0.47109375 0.46015625 0.2921875 0.065625