21 0.81171875 0.471875 0.128125 0.03203125
8 0.628125 0.5859375 0.103125 0.0875
26 0.4609375 0.5984375 0.09765625 0.059375
5 0.809375 0.60546875 0.171875 0.0890625
47 0.471875 0.8359375 0.1 0.16015625
55 0.79375 0.89375 0.14296875 0.109375
33 0.61328125 0.90078125 0.221875 0.1046875
37 0.83671875 0.190625 0.0734375 0.10625
71 0.6890625 0.209375 0.15625 0.06875
66 0.4078125 0.21171875 0.146875 0.059375
13 0.5359375 0.21640625 0.1375 0.05
67 0.67890625 0.41328125 0.109375 0.1375
64 0.4640625 0.44609375 0.2625 0.071875