12 0.3578125 0.465625 0.12265625 0.05078125
36 0.7515625 0.4734375 0.25625 0.05
48 0.359375 0.59609375 0.146875 0.096875
18 0.5359375 0.6 0.140625 0.059375
19 0.7484375 0.60859375 0.19765625 0.0921875
5 0.57265625 0.85703125 0.0828125 0.0625
5 0.7109375 0.87265625 0.125 0.0890625
43 0.33671875 0.875 0.0765625 0.040625
43 0.5015625 0.8828125 0.13515625 0.08359375
67 0.78046875 0.184375 0.1203125 0.128125
66 0.446875 0.20703125 0.15078125 0.078125
71 0.62421875 0.215625 0.165625 0.07421875
33 0.4703125 0.44453125 0.31015625 0.071875