33 0.64375 0.55703125 0.25625 0.0921875
48 0.3109375 0.58046875 0.1515625 0.0890625
36 0.4625 0.59765625 0.178125 0.0984375
64 0.628125 0.60390625 0.25 0.09375
12 0.4359375 0.86953125 0.1359375 0.0703125
51 0.2734375 0.86484375 0.11875 0.1015625
34 0.6578125 0.88203125 0.1984375 0.1125
37 0.4484375 0.1890625 0.059375 0.1078125
66 0.30390625 0.19453125 0.1609375 0.0859375
71 0.55546875 0.21328125 0.16875 0.0796875
8 0.6875 0.21953125 0.153125 0.059375
19 0.3296875 0.41015625 0.2125 0.090625
15 0.69140625 0.45546875 0.20625 0.0984375
62 0.4890625 0.459375 0.1265625 0.0375