51 0.56171875 0.46953125 0.0890625 0.0546875
29 0.4078125 0.56171875 0.16640625 0.134375
66 0.3578125 0.59765625 0.14765625 0.103125
19 0.76015625 0.61640625 0.1984375 0.0921875
16 0.5484375 0.61484375 0.22109375 0.075
8 0.775 0.884375 0.18046875 0.13046875
36 0.39296875 0.90078125 0.1921875 0.0890625
23 0.61796875 0.9234375 0.0890625 0.07890625
37 0.6640625 0.18828125 0.075 0.1171875
15 0.3953125 0.19375 0.21484375 0.08203125
18 0.60703125 0.21875 0.109375 0.05546875
12 0.76953125 0.23671875 0.1390625 0.034375
71 0.55625 0.446875 0.146875 0.07421875
68 0.721875 0.46640625 0.24375 0.0828125
9 0.3796875 0.45859375 0.19375 0.0609375