29 0.5421875 0.5703125 0.1375 0.14140625
12 0.6875 0.58671875 0.153125 0.0625
15 0.3765625 0.603125 0.17890625 0.10546875
5 0.79140625 0.84375 0.09375 0.07578125
51 0.66796875 0.8546875 0.1484375 0.12890625
8 0.5328125 0.8796875 0.20234375 0.115625
43 0.38203125 0.88515625 0.15625 0.084375
64 0.71796875 0.196875 0.2609375 0.09296875
71 0.38203125 0.21015625 0.2140625 0.09375
33 0.53515625 0.21640625 0.165625 0.0625
55 0.70625 0.440625 0.134375 0.06953125
18 0.62578125 0.4515625 0.1703125 0.078125
34 0.39609375 0.46796875 0.1921875 0.0609375