18 0.42421875 0.58984375 0.128125 0.053125
68 0.765625 0.6015625 0.1875 0.1
48 0.59609375 0.60234375 0.14375 0.0828125
13 0.42734375 0.87421875 0.1609375 0.0828125
9 0.6671875 0.87890625 0.26640625 0.1078125
29 0.80390625 0.19609375 0.1609375 0.10625
55 0.434375 0.20859375 0.18046875 0.0703125
62 0.65859375 0.23515625 0.1875 0.0359375
37 0.7515625 0.42109375 0.06015625 0.0921875
23 0.5875 0.44921875 0.08046875 0.0734375
64 0.70546875 0.459375 0.296875 0.071875
8 0.42421875 0.45546875 0.2171875 0.065625