33 0.64375 0.5546875 0.24453125 0.0875
48 0.31328125 0.59140625 0.1625 0.0875
64 0.6359375 0.58828125 0.23515625 0.109375
36 0.4703125 0.596875 0.18984375 0.09453125
51 0.29140625 0.8734375 0.134375 0.10859375
12 0.45859375 0.87421875 0.1453125 0.06875
34 0.68671875 0.875 0.20625 0.109375
37 0.43046875 0.19453125 0.059375 0.0984375
66 0.27421875 0.2109375 0.1578125 0.084375
71 0.5359375 0.209375 0.175 0.075
8 0.6609375 0.21171875 0.14375 0.06875
19 0.3203125 0.4234375 0.21484375 0.08125
15 0.68359375 0.440625 0.1921875 0.09921875
62 0.48671875 0.46015625 0.1375 0.0421875