23 0.6484375 0.5828125 0.075 0.0625
33 0.5265625 0.60078125 0.22109375 0.090625
21 0.74140625 0.62265625 0.1234375 0.0546875
67 0.5421875 0.83359375 0.109375 0.140625
71 0.68359375 0.87109375 0.18125 0.096875
29 0.375 0.87578125 0.15625 0.121875
67 0.53828125 0.17890625 0.1296875 0.1453125
66 0.81484375 0.225 0.14375 0.06875
16 0.384375 0.2109375 0.11953125 0.05390625
43 0.66796875 0.23046875 0.14375 0.0546875
5 0.40859375 0.44375 0.1875 0.08046875
13 0.7703125 0.4671875 0.14140625 0.06484375
34 0.59765625 0.46640625 0.190625 0.0625