51 0.36796875 0.5890625 0.14375 0.09765625
15 0.5171875 0.5921875 0.17734375 0.096875
18 0.690625 0.5984375 0.14296875 0.06015625
8 0.36796875 0.87734375 0.1671875 0.0875
43 0.78046875 0.87734375 0.1515625 0.0796875
16 0.51015625 0.88984375 0.1234375 0.0953125
16 0.6671875 0.89375 0.084375 0.08046875
19 0.75390625 0.1984375 0.2203125 0.08359375
12 0.3453125 0.2265625 0.12890625 0.0375
62 0.50859375 0.2265625 0.1359375 0.03125
66 0.3703125 0.4390625 0.1375 0.0875
31 0.67734375 0.45078125 0.1078125 0.0625
23 0.7859375 0.45078125 0.08125 0.0671875
55 0.521875 0.46328125 0.16875 0.06875