43 0.4390625 0.5953125 0.1703125 0.1
19 0.75234375 0.59609375 0.2078125 0.1046875
67 0.671875 0.853125 0.10625 0.140625
55 0.5 0.8671875 0.1296875 0.0734375
64 0.784375 0.890625 0.20625 0.2046875
15 0.3703125 0.90703125 0.1546875 0.1171875
31 0.68125 0.21015625 0.1140625 0.0546875
43 0.7828125 0.2125 0.1234375 0.0421875
62 0.565625 0.22734375 0.1296875 0.0390625
37 0.35546875 0.4265625 0.0625 0.103125
66 0.5796875 0.43671875 0.146875 0.0859375
5 0.71484375 0.44453125 0.1609375 0.08125
18 0.40859375 0.459375 0.1265625 0.0625