8 0.571875 0.66484375 0.078125 0.06015625
8 0.603125 0.68515625 0.04453125 0.06640625
18 0.5859375 0.58828125 0.0890625 0.05703125
47 0.0640625 0.54296875 0.128125 0.053125
47 0.0640625 0.603125 0.128125 0.053125
51 0.01640625 0.65234375 0.0328125 0.0390625
51 0.0140625 0.675 0.028125 0.03671875
51 0.01640625 0.6921875 0.0328125 0.040625
51 0.021875 0.6609375 0.04375 0.0375
25 0.9640625 0.671875 0.05546875 0.03359375
25 0.9640625 0.703125 0.0609375 0.0265625
25 0.95859375 0.6453125 0.05 0.0265625
13 0.953125 0.4453125 0.06640625 0.0796875