16 0.62265625 0.47421875 0.1109375 0.04375
29 0.44375 0.5671875 0.140625 0.1375
67 0.3546875 0.5734375 0.11875 0.14375
15 0.58515625 0.58125 0.18125 0.096875
23 0.71640625 0.6140625 0.08125 0.06640625
47 0.75 0.83828125 0.11328125 0.165625
47 0.79609375 0.86171875 0.1078125 0.1703125
8 0.61171875 0.85546875 0.2078125 0.1046875
68 0.35390625 0.8828125 0.1703125 0.125
64 0.3546875 0.15859375 0.23359375 0.165625
67 0.5453125 0.17890625 0.12734375 0.1328125
51 0.67421875 0.20390625 0.1515625 0.0921875
31 0.81484375 0.22890625 0.1140625 0.05
33 0.7890625 0.43125 0.171875 0.15703125
37 0.34140625 0.4296875 0.0671875 0.11640625
66 0.57109375 0.440625 0.121875 0.08046875
71 0.44140625 0.4453125 0.1453125 0.07109375
16 0.74140625 0.4671875 0.140625 0.06875