8 0.44140625 0.59296875 0.153125 0.1109375
19 0.7578125 0.59609375 0.20859375 0.103125
71 0.5640625 0.60234375 0.146875 0.0953125
23 0.3484375 0.62265625 0.08515625 0.0734375
51 0.76640625 0.85625 0.15 0.12421875
55 0.45390625 0.86796875 0.2375 0.071875
66 0.3875 0.9265625 0.16796875 0.1125
36 0.60703125 0.94609375 0.2203125 0.096875
18 0.56640625 0.2109375 0.0859375 0.05625
31 0.7015625 0.21171875 0.11640625 0.05625
43 0.78515625 0.2125 0.13125 0.04453125
37 0.74140625 0.40078125 0.05625 0.06875
67 0.5484375 0.41328125 0.11015625 0.140625
33 0.76796875 0.440625 0.2203125 0.09921875
15 0.415625 0.45390625 0.190625 0.0984375
68 0.60625 0.46015625 0.08828125 0.059375