15 0.63046875 0.571875 0.16875 0.09921875
36 0.32578125 0.58359375 0.0734375 0.146875
67 0.7953125 0.57578125 0.12109375 0.146875
8 0.44375 0.59296875 0.18671875 0.0828125
48 0.67578125 0.5859375 0.1984375 0.09375
47 0.775 0.80859375 0.08828125 0.15625
47 0.68203125 0.81484375 0.1078125 0.1671875
33 0.4109375 0.865625 0.21484375 0.128125
62 0.57890625 0.87265625 0.115625 0.065625
5 0.7609375 0.87890625 0.19765625 0.096875
64 0.36875 0.18828125 0.25 0.1296875
51 0.78046875 0.184375 0.1328125 0.10078125
71 0.64609375 0.20546875 0.1625 0.071875
16 0.4625 0.22265625 0.21875 0.0609375
19 0.41171875 0.45234375 0.2734375 0.090625
18 0.7203125 0.4484375 0.15234375 0.06484375