51 0.36796875 0.5828125 0.1453125 0.10625
64 0.5203125 0.59453125 0.259375 0.08125
33 0.75703125 0.6015625 0.234375 0.090625
48 0.5703125 0.85625 0.19375 0.084375
5 0.73828125 0.8640625 0.1625 0.08359375
55 0.40390625 0.8796875 0.175 0.096875
68 0.81640625 0.9296875 0.125 0.09140625
68 0.684375 0.9296875 0.103125 0.10234375
16 0.38984375 0.22109375 0.20625 0.046875
12 0.57578125 0.221875 0.1390625 0.03828125
66 0.36171875 0.453125 0.146875 0.08125
71 0.5671875 0.453125 0.209375 0.075
43 0.7484375 0.46328125 0.18125 0.0515625