8 0.421875 0.5921875 0.17421875 0.10625
19 0.74375 0.61796875 0.209375 0.1046875
71 0.55234375 0.61015625 0.1609375 0.09375
51 0.7359375 0.8765625 0.153125 0.12734375
55 0.46171875 0.8640625 0.153125 0.08125
15 0.34453125 0.89453125 0.1796875 0.134375
64 0.3890625 0.18046875 0.25234375 0.1265625
31 0.70546875 0.228125 0.1171875 0.0625
43 0.809375 0.23671875 0.1375 0.0421875
62 0.5796875 0.23359375 0.1375 0.034375
37 0.3640625 0.41171875 0.06875 0.10625
66 0.58984375 0.44453125 0.1375 0.0875
5 0.71953125 0.46484375 0.1578125 0.08125
18 0.41171875 0.45078125 0.13125 0.065625