15 0.59140625 0.5734375 0.1796875 0.1
36 0.32578125 0.58359375 0.065625 0.1484375
8 0.440625 0.58671875 0.18671875 0.075
48 0.76640625 0.590625 0.1671875 0.10078125
12 0.43671875 0.628125 0.1359375 0.059375
47 0.6828125 0.8125 0.10390625 0.159375
47 0.778125 0.81171875 0.09296875 0.1609375
33 0.41796875 0.8703125 0.2015625 0.115625
62 0.5828125 0.8703125 0.11484375 0.07109375
5 0.7578125 0.8828125 0.19765625 0.09140625
51 0.78046875 0.1859375 0.1421875 0.09609375
16 0.64921875 0.2140625 0.1671875 0.05859375
19 0.41875 0.45546875 0.278125 0.096875
18 0.68828125 0.4515625 0.109375 0.0625