29 0.628125 0.565625 0.125 0.109375
19 0.4203125 0.59375 0.190625 0.09296875
9 0.778125 0.60390625 0.14375 0.0625
18 0.596875 0.60859375 0.07421875 0.0625
67 0.39140625 0.82578125 0.1015625 0.13125
43 0.6203125 0.85234375 0.09765625 0.04375
43 0.5328125 0.859375 0.059375 0.040625
62 0.7640625 0.92109375 0.12890625 0.071875
47 0.396875 0.17109375 0.121875 0.15625
13 0.51640625 0.21875 0.140625 0.05078125
26 0.80390625 0.21953125 0.1203125 0.0453125
16 0.6609375 0.2359375 0.16875 0.02109375
5 0.478125 0.43203125 0.22578125 0.040625
34 0.47734375 0.46015625 0.25625 0.0484375