62 0.3359375 0.4765625 0.13359375 0.04375
67 0.6984375 0.55546875 0.115625 0.1375
29 0.334375 0.6 0.13046875 0.13046875
48 0.45859375 0.5953125 0.1421875 0.10234375
71 0.61171875 0.60234375 0.1609375 0.0953125
15 0.70390625 0.81484375 0.1609375 0.096875
9 0.40390625 0.89453125 0.203125 0.1109375
64 0.56171875 0.8890625 0.28125 0.153125
16 0.77734375 0.88671875 0.2 0.1171875
67 0.5734375 0.18046875 0.121875 0.128125
19 0.73515625 0.19453125 0.2109375 0.0875
66 0.3578125 0.215625 0.171875 0.0875
37 0.34765625 0.43046875 0.059375 0.1046875
68 0.51171875 0.44921875 0.2140625 0.084375
55 0.73046875 0.4421875 0.1671875 0.078125