36 0.53984375 0.4671875 0.221875 0.04609375
19 0.73125 0.57421875 0.2125 0.1
18 0.38203125 0.609375 0.1203125 0.07421875
55 0.55703125 0.60078125 0.165625 0.0890625
47 0.61484375 0.82109375 0.115625 0.175
29 0.409375 0.86484375 0.15 0.1625
5 0.75234375 0.8515625 0.1875 0.10234375
8 0.56875 0.90625 0.23046875 0.08828125
47 0.71796875 0.1578125 0.1 0.15859375
67 0.33125 0.18515625 0.10703125 0.134375
16 0.4859375 0.221875 0.221875 0.065625
68 0.7890625 0.4359375 0.125 0.08359375
66 0.359375 0.45859375 0.14375 0.0890625
68 0.684375 0.44296875 0.08125 0.05625