16 0.6234375 0.4703125 0.1 0.0453125
15 0.63515625 0.54921875 0.1578125 0.0484375
66 0.4109375 0.57734375 0.1578125 0.0625
23 0.7734375 0.578125 0.071875 0.059375
48 0.65625 0.59296875 0.20625 0.1
31 0.8234375 0.61484375 0.1203125 0.0609375
62 0.4265625 0.6328125 0.159375 0.05
67 0.7875 0.8171875 0.10625 0.103125
12 0.5421875 0.8421875 0.1125 0.075
55 0.4171875 0.85859375 0.1453125 0.096875
34 0.77265625 0.90078125 0.1734375 0.084375
43 0.38046875 0.93046875 0.15625 0.0859375
36 0.55625 0.95546875 0.196875 0.0859375
64 0.3265625 0.165625 0.1828125 0.1828125
67 0.76953125 0.17109375 0.1015625 0.1375
51 0.65625 0.1765625 0.1171875 0.0515625
37 0.81875 0.1765625 0.0671875 0.115625
68 0.6578125 0.2046875 0.246875 0.0859375
71 0.47578125 0.2140625 0.1625 0.0625
29 0.51171875 0.41015625 0.134375 0.1328125
33 0.78125 0.40859375 0.175 0.15
29 0.64453125 0.41796875 0.153125 0.103125
5 0.3953125 0.446875 0.1625 0.0515625
18 0.42265625 0.45625 0.146875 0.0546875
16 0.73984375 0.4546875 0.13125 0.0703125