19 0.77265625 0.578125 0.209375 0.1125
9 0.57734375 0.603125 0.203125 0.08046875
21 0.36796875 0.63359375 0.128125 0.0609375
15 0.58515625 0.86328125 0.1921875 0.125
34 0.4234375 0.8828125 0.1875 0.10859375
18 0.7796875 0.87109375 0.09140625 0.0828125
37 0.359375 0.19921875 0.06953125 0.096875
51 0.72578125 0.184375 0.1921875 0.09453125
33 0.4046875 0.2203125 0.28125 0.07265625
26 0.753125 0.203125 0.16328125 0.059375
13 0.7734375 0.44296875 0.15390625 0.06875
20 0.615625 0.45703125 0.1875 0.0578125