9 0.775 0.46328125 0.2125 0.05625
51 0.3703125 0.58515625 0.15234375 0.109375
64 0.52265625 0.59921875 0.2671875 0.0921875
33 0.7640625 0.59453125 0.24609375 0.1
48 0.58515625 0.8515625 0.1984375 0.1
37 0.725 0.8640625 0.06328125 0.09765625
55 0.39453125 0.89375 0.171875 0.11328125
68 0.6921875 0.9203125 0.34765625 0.13984375
66 0.7546875 0.20078125 0.14765625 0.06875
43 0.375 0.2234375 0.13671875 0.04140625
12 0.571875 0.2203125 0.14296875 0.04375
71 0.559375 0.44140625 0.165625 0.0796875
18 0.39921875 0.453125 0.14375 0.0625