15 0.71328125 0.57578125 0.18125 0.1015625
8 0.55546875 0.59609375 0.2140625 0.10625
23 0.35625 0.61328125 0.08046875 0.0671875
51 0.77578125 0.85859375 0.140625 0.1234375
55 0.3953125 0.89296875 0.16015625 0.103125
68 0.59296875 0.8859375 0.1578125 0.1375
18 0.44375 0.215625 0.15 0.0625
31 0.78515625 0.203125 0.1125 0.05078125
62 0.65 0.225 0.1375 0.03125
33 0.78203125 0.4078125 0.153125 0.140625
37 0.334375 0.4421875 0.06796875 0.11640625
66 0.65078125 0.43671875 0.153125 0.1
71 0.4453125 0.45078125 0.16484375 0.06875