9 0.77734375 0.4828125 0.2140625 0.06484375
51 0.36484375 0.57578125 0.1546875 0.1140625
64 0.515625 0.6 0.26953125 0.10078125
33 0.75703125 0.6125 0.246875 0.10703125
48 0.56015625 0.85703125 0.2015625 0.10625
37 0.69921875 0.87890625 0.0671875 0.1
55 0.3671875 0.8859375 0.17734375 0.12109375
68 0.66328125 0.92734375 0.3546875 0.1421875
66 0.775 0.21953125 0.15 0.0734375
43 0.39453125 0.21484375 0.1375 0.046875
12 0.590625 0.2265625 0.14375 0.04765625
71 0.56328125 0.4453125 0.1671875 0.08515625
18 0.40234375 0.44609375 0.1453125 0.0671875