8 0.4328125 0.590625 0.175 0.09921875
19 0.75703125 0.60078125 0.203125 0.0984375
71 0.559375 0.6046875 0.15703125 0.090625
23 0.35 0.628125 0.09375 0.08125
51 0.7765625 0.8515625 0.12734375 0.1125
66 0.5203125 0.87421875 0.12890625 0.096875
55 0.6546875 0.8734375 0.13125 0.1
9 0.3828125 0.8953125 0.12890625 0.07109375
18 0.57109375 0.2109375 0.08125 0.04765625
31 0.70390625 0.2125 0.1140625 0.04921875
43 0.7984375 0.21796875 0.115625 0.0359375
15 0.3921875 0.41171875 0.19140625 0.046875
37 0.74375 0.4125 0.059375 0.08671875
33 0.7890625 0.45078125 0.17109375 0.103125
16 0.61953125 0.4546875 0.1921875 0.06484375
68 0.39921875 0.46171875 0.2640625 0.0828125