16 0.6203125 0.46953125 0.115625 0.0375
15 0.58828125 0.57421875 0.184375 0.096875
8 0.46015625 0.58046875 0.16875 0.0875
23 0.71953125 0.59765625 0.08125 0.0671875
47 0.7703125 0.81875 0.10390625 0.159375
47 0.81796875 0.8390625 0.10625 0.16875
55 0.6296875 0.88359375 0.209375 0.1046875
68 0.37734375 0.8953125 0.175 0.128125
64 0.32890625 0.16328125 0.196875 0.1796875
18 0.50234375 0.21484375 0.090625 0.0515625
31 0.78671875 0.20859375 0.1140625 0.0484375
62 0.6609375 0.2296875 0.140625 0.028125
33 0.78359375 0.4109375 0.1625 0.14140625
37 0.33359375 0.440625 0.0671875 0.11796875
66 0.57421875 0.4390625 0.1328125 0.08515625
71 0.43984375 0.45 0.1515625 0.07421875
16 0.7390625 0.4484375 0.1375 0.07109375