29 0.40859375 0.56015625 0.159375 0.13125
66 0.359375 0.6078125 0.13828125 0.09765625
19 0.75859375 0.590625 0.2046875 0.10703125
16 0.5578125 0.609375 0.22265625 0.084375
8 0.80859375 0.859375 0.1703125 0.13671875
36 0.43046875 0.90625 0.1796875 0.09296875
23 0.65625 0.91015625 0.084375 0.0828125
15 0.36796875 0.203125 0.203125 0.103125
18 0.575 0.20625 0.1125 0.05625
62 0.76484375 0.2140625 0.1359375 0.03125
71 0.553125 0.44296875 0.15703125 0.084375
31 0.665625 0.44140625 0.10546875 0.0546875
43 0.703125 0.44765625 0.26953125 0.075
9 0.375 0.4671875 0.184375 0.06875