67 0.74375 0.55703125 0.1140625 0.1375
29 0.328125 0.5890625 0.128125 0.11875
8 0.6328125 0.60390625 0.2 0.090625
62 0.44765625 0.62890625 0.1359375 0.05
47 0.65703125 0.8125 0.096875 0.1609375
37 0.34296875 0.85 0.05625 0.103125
51 0.4625 0.853125 0.1921875 0.096875
43 0.7515625 0.90078125 0.1578125 0.0921875
55 0.3796875 0.928125 0.1796875 0.1265625
29 0.32578125 0.1828125 0.165625 0.1484375
66 0.67890625 0.20234375 0.16875 0.0828125
67 0.75703125 0.4125 0.121875 0.1328125
23 0.32578125 0.46796875 0.08125 0.065625
33 0.5234375 0.4640625 0.246875 0.065625