67 0.74453125 0.5578125 0.11875 0.1375
29 0.3328125 0.5875 0.128125 0.13203125
8 0.6328125 0.60390625 0.2 0.0921875
62 0.4546875 0.625 0.13359375 0.04921875
47 0.65859375 0.809375 0.103125 0.16328125
37 0.3421875 0.8484375 0.05390625 0.10234375
51 0.4625 0.85234375 0.19296875 0.0953125
55 0.38203125 0.92265625 0.165625 0.121875
5 0.63984375 0.91796875 0.171875 0.090625
29 0.321875 0.18125 0.16875 0.14453125
66 0.68046875 0.20234375 0.1734375 0.0765625
67 0.75390625 0.4125 0.121875 0.128125
64 0.5515625 0.45234375 0.30859375 0.0921875
23 0.32421875 0.46796875 0.0828125 0.0671875