16 0.61953125 0.475 0.10625 0.0375
29 0.42578125 0.56875 0.146875 0.1265625
15 0.5765625 0.57578125 0.15 0.0921875
23 0.76640625 0.59296875 0.0671875 0.0625
48 0.65 0.6 0.2109375 0.090625
62 0.40390625 0.621875 0.1703125 0.0328125
31 0.8171875 0.6296875 0.115625 0.0609375
47 0.75546875 0.83203125 0.0953125 0.1609375
12 0.54609375 0.83125 0.10625 0.059375
55 0.396875 0.84765625 0.1453125 0.0875
47 0.79921875 0.85859375 0.1 0.1734375
67 0.665625 0.865625 0.109375 0.140625
34 0.51796875 0.90625 0.1703125 0.0828125
8 0.76875 0.92421875 0.209375 0.121875
43 0.35703125 0.92265625 0.14375 0.08125
64 0.34921875 0.15625 0.1671875 0.1734375
67 0.78828125 0.18125 0.103125 0.128125
51 0.675 0.18359375 0.1078125 0.046875
37 0.83671875 0.19140625 0.0671875 0.1125
68 0.66953125 0.21171875 0.246875 0.084375
71 0.490625 0.2171875 0.1546875 0.0546875
33 0.78125 0.421875 0.15625 0.14375
5 0.40390625 0.4375 0.1671875 0.059375
66 0.56796875 0.440625 0.13125 0.075
18 0.4234375 0.453125 0.1515625 0.0609375
16 0.74609375 0.4625 0.1359375 0.0671875