15 0.62421875 0.5828125 0.1703125 0.1
36 0.31875 0.56796875 0.075 0.1484375
67 0.7875 0.60078125 0.121875 0.1484375
8 0.4359375 0.5875 0.1875 0.08671875
48 0.66796875 0.60078125 0.2 0.096875
47 0.746875 0.83125 0.09296875 0.15703125
47 0.65390625 0.8296875 0.1109375 0.16875
33 0.3796875 0.85703125 0.215625 0.13125
62 0.54609375 0.878125 0.1171875 0.06796875
5 0.72734375 0.9 0.2 0.1
64 0.39609375 0.17734375 0.2515625 0.134375
51 0.80703125 0.21015625 0.134375 0.103125
71 0.67109375 0.21953125 0.1640625 0.0734375
16 0.48671875 0.22109375 0.2203125 0.065625
19 0.41640625 0.44453125 0.275 0.0953125
18 0.72421875 0.46796875 0.153125 0.065625