67 0.7453125 0.553125 0.1140625 0.1390625
29 0.340625 0.59296875 0.121875 0.1328125
51 0.4625 0.603125 0.153125 0.1140625
23 0.75703125 0.6046875 0.0828125 0.0703125
15 0.7046875 0.82109375 0.15625 0.1078125
37 0.35625 0.8515625 0.0625 0.1015625
8 0.57734375 0.8734375 0.18125 0.1046875
43 0.74609375 0.89921875 0.1953125 0.0796875
36 0.409375 0.94375 0.2359375 0.1046875
47 0.503125 0.16015625 0.11875 0.18125
67 0.359375 0.1875 0.13125 0.1328125
12 0.72109375 0.21171875 0.1515625 0.046875
68 0.50625 0.45078125 0.21875 0.0921875
55 0.72890625 0.44453125 0.1734375 0.0875
31 0.35234375 0.46640625 0.0953125 0.059375