55 0.5140625 0.5921875 0.24375 0.078125
23 0.35703125 0.6109375 0.078125 0.06640625
16 0.746875 0.6109375 0.24375 0.07109375
47 0.63515625 0.81875 0.09375 0.17421875
47 0.64140625 0.8421875 0.096875 0.159375
66 0.50703125 0.86484375 0.1625 0.0984375
43 0.36953125 0.8859375 0.1265625 0.08359375
67 0.371875 0.18125 0.10546875 0.13671875
29 0.78203125 0.18203125 0.121875 0.109375
71 0.52890625 0.21328125 0.1703125 0.0671875
64 0.415625 0.45078125 0.26953125 0.0890625
33 0.69609375 0.45390625 0.2421875 0.071875