29 0.48125 0.56171875 0.1375 0.1125
12 0.3640625 0.6171875 0.13125 0.05625
16 0.7703125 0.62109375 0.184375 0.0734375
62 0.57734375 0.62265625 0.1390625 0.046875
43 0.36328125 0.88125 0.146875 0.08125
9 0.7515625 0.88515625 0.2 0.096875
8 0.58125 0.90546875 0.20703125 0.0875
29 0.809375 0.1921875 0.121875 0.1
33 0.41328125 0.22109375 0.2640625 0.053125
47 0.5984375 0.39296875 0.10234375 0.146875
64 0.43359375 0.4421875 0.253125 0.0875
71 0.56875 0.4609375 0.19296875 0.065625
34 0.75234375 0.4625 0.19375 0.05703125