16 0.74375 0.46796875 0.22578125 0.0546875
23 0.77734375 0.6015625 0.075 0.06484375
20 0.553125 0.60234375 0.17578125 0.0625
13 0.3859375 0.609375 0.13515625 0.0625
67 0.37578125 0.8390625 0.115625 0.125
9 0.76484375 0.8765625 0.153125 0.103125
34 0.596875 0.890625 0.16328125 0.0875
47 0.7828125 0.17265625 0.10625 0.1515625
29 0.603125 0.19609375 0.128125 0.0953125
19 0.41328125 0.2046875 0.1828125 0.078125
5 0.5109375 0.43671875 0.08984375 0.05625
18 0.3921875 0.44765625 0.0875 0.06875
26 0.5625 0.45546875 0.10078125 0.0546875