67 0.73984375 0.5671875 0.1109375 0.1328125
29 0.3390625 0.58359375 0.125 0.11875
48 0.4609375 0.58828125 0.14375 0.0953125
71 0.609375 0.609375 0.153125 0.078125
23 0.75078125 0.61796875 0.0796875 0.065625
15 0.68515625 0.83046875 0.153125 0.1
8 0.559375 0.87734375 0.175 0.0984375
9 0.378125 0.8875 0.184375 0.096875
16 0.75546875 0.90078125 0.2046875 0.1125
47 0.521875 0.15859375 0.109375 0.178125
67 0.375 0.1796875 0.1203125 0.125
51 0.67578125 0.19296875 0.1796875 0.103125
68 0.51640625 0.4484375 0.215625 0.0765625
55 0.7375 0.45390625 0.1578125 0.071875
31 0.35546875 0.4578125 0.0953125 0.053125