8 0.428125 0.58671875 0.17578125 0.1015625
19 0.7515625 0.6140625 0.20390625 0.10234375
71 0.55390625 0.6078125 0.159375 0.09140625
23 0.34296875 0.6203125 0.0953125 0.08359375
51 0.7578125 0.865625 0.128125 0.115625
66 0.50078125 0.87421875 0.13125 0.0984375
55 0.63515625 0.88046875 0.1328125 0.1015625
9 0.3625 0.88828125 0.13046875 0.0734375
18 0.5859375 0.215625 0.08125 0.05
31 0.71875 0.22421875 0.115625 0.0515625
43 0.8125 0.234375 0.115625 0.03828125
15 0.396875 0.40625 0.19375 0.05
37 0.7484375 0.425 0.06015625 0.0875
33 0.79140625 0.465625 0.171875 0.10625
16 0.621875 0.4609375 0.19296875 0.06640625
68 0.4015625 0.45703125 0.265625 0.0875