51 0.3640625 0.57578125 0.15 0.1140625
64 0.515625 0.5953125 0.2625 0.09609375
33 0.7515625 0.61484375 0.23984375 0.103125
48 0.5515625 0.859375 0.196875 0.09375
5 0.71875 0.87578125 0.16796875 0.090625
55 0.384375 0.87421875 0.18046875 0.1046875
68 0.79375 0.9453125 0.13046875 0.09765625
68 0.66171875 0.9390625 0.1078125 0.10625
16 0.4046875 0.215625 0.209375 0.05625
12 0.58984375 0.2265625 0.140625 0.046875
66 0.3640625 0.44609375 0.15234375 0.0875
71 0.56953125 0.45703125 0.2140625 0.0859375
43 0.75 0.4765625 0.184375 0.06015625