62 0.54140625 0.47109375 0.1515625 0.0375
51 0.37578125 0.59140625 0.1375 0.096875
19 0.75859375 0.6015625 0.1984375 0.09375
12 0.55078125 0.6234375 0.121875 0.05390625
16 0.3859375 0.88515625 0.178125 0.1234375
43 0.525 0.884375 0.159375 0.08203125
67 0.80078125 0.16953125 0.1234375 0.14375
66 0.64375 0.2 0.15 0.0875
8 0.390625 0.21875 0.21953125 0.065625
37 0.71171875 0.4328125 0.0671875 0.11484375
15 0.39609375 0.440625 0.1765625 0.090625
31 0.7078125 0.45 0.1 0.05078125
23 0.7921875 0.4546875 0.084375 0.07109375