8 0.775 0.45703125 0.1 0.046875
8 0.80859375 0.43828125 0.1109375 0.0265625
18 0.646875 0.4484375 0.09453125 0.053125
47 0.571875 0.76171875 0.0890625 0.0765625
47 0.671875 0.76171875 0.0890625 0.0765625
51 0.75546875 0.78984375 0.06640625 0.0203125
51 0.79140625 0.79140625 0.0609375 0.01640625
51 0.821875 0.78984375 0.06640625 0.0203125
51 0.76953125 0.78671875 0.0609375 0.0265625
25 0.7859375 0.221875 0.05546875 0.03359375
25 0.8390625 0.221875 0.04453125 0.03671875
25 0.74140625 0.225 0.04453125 0.0296875
13 0.40859375 0.228125 0.13359375 0.03984375