18 0.42890625 0.59453125 0.128125 0.0546875
68 0.76328125 0.58671875 0.1703125 0.0984375
48 0.60390625 0.5953125 0.1453125 0.0828125
21 0.428125 0.63984375 0.2453125 0.04375
9 0.68984375 0.86015625 0.271875 0.0890625
13 0.45546875 0.87109375 0.165625 0.084375
29 0.7875 0.1828125 0.16875 0.115625
55 0.42421875 0.2140625 0.184375 0.0734375
62 0.646875 0.2265625 0.18125 0.0328125
37 0.74921875 0.41328125 0.0625 0.1078125
23 0.58359375 0.4421875 0.08125 0.071875
64 0.70390625 0.446875 0.2921875 0.078125
8 0.4234375 0.4578125 0.2140625 0.06875