16 0.34375 0.4734375 0.18671875 0.06875
51 0.51171875 0.58671875 0.134375 0.1015625
15 0.73125 0.58515625 0.18046875 0.1046875
43 0.72890625 0.86484375 0.05625 0.0421875
5 0.61953125 0.878125 0.109375 0.10703125
71 0.41875 0.8859375 0.1875 0.0875
43 0.8171875 0.8734375 0.08984375 0.08125
5 0.7609375 0.90078125 0.09609375 0.0671875
19 0.75625 0.19375 0.21796875 0.090625
12 0.34296875 0.2296875 0.1359375 0.04609375
62 0.50078125 0.2296875 0.14375 0.03984375
66 0.375 0.44140625 0.12421875 0.0765625
18 0.51328125 0.45078125 0.109375 0.059375
31 0.68515625 0.446875 0.109375 0.06171875
23 0.7890625 0.44609375 0.08125 0.06875