29 0.5875 0.58671875 0.18125 0.1
71 0.7265625 0.59453125 0.140625 0.0828125
64 0.403125 0.60390625 0.265625 0.0875
9 0.37109375 0.884375 0.184375 0.096875
62 0.53046875 0.890625 0.1234375 0.0625
18 0.740625 0.8953125 0.1125 0.075
67 0.34453125 0.17265625 0.11875 0.1375
67 0.59921875 0.1859375 0.1140625 0.125
15 0.7421875 0.21171875 0.16875 0.0734375
5 0.46640625 0.21796875 0.16875 0.0625
48 0.70625 0.43828125 0.196875 0.0859375
19 0.36171875 0.44375 0.1890625 0.0890625
23 0.75390625 0.4671875 0.0796875 0.0640625
16 0.5328125 0.465625 0.1828125 0.0625