8 0.74296875 0.59140625 0.1625 0.090625
64 0.41015625 0.6046875 0.2984375 0.0953125
12 0.61484375 0.61875 0.1421875 0.065625
29 0.70625 0.83046875 0.1046875 0.134375
67 0.32421875 0.85078125 0.0921875 0.1375
34 0.471875 0.88984375 0.1703125 0.1046875
36 0.703125 0.92421875 0.2671875 0.0671875
15 0.7359375 0.20625 0.1890625 0.0703125
5 0.34296875 0.21640625 0.1875 0.0640625
33 0.5609375 0.22421875 0.25625 0.0546875
47 0.72421875 0.4046875 0.075 0.1578125
37 0.6578125 0.42421875 0.0671875 0.1
19 0.45703125 0.446875 0.259375 0.0796875
23 0.6328125 0.46328125 0.084375 0.0671875
43 0.75390625 0.4640625 0.171875 0.0546875