19 0.4328125 0.58828125 0.19375 0.084375
20 0.78359375 0.61640625 0.1671875 0.0546875
13 0.62734375 0.61640625 0.1546875 0.06875
33 0.6359375 0.83984375 0.1875 0.1140625
29 0.48203125 0.83671875 0.10625 0.128125
71 0.76796875 0.9234375 0.1546875 0.078125
55 0.803125 0.228125 0.15625 0.06171875
26 0.45234375 0.2203125 0.15 0.053125
62 0.67578125 0.2328125 0.1515625 0.03984375
47 0.73984375 0.40546875 0.1078125 0.153125
51 0.7953125 0.4484375 0.15859375 0.1
34 0.4515625 0.45390625 0.19765625 0.05625
43 0.65 0.4640625 0.13125 0.053125