33 0.646875 0.5578125 0.26796875 0.09765625
48 0.3578125 0.58046875 0.221875 0.1
64 0.6265625 0.603125 0.240625 0.10078125
51 0.26875 0.85859375 0.13203125 0.10625
12 0.42890625 0.875 0.146875 0.078125
34 0.66015625 0.88671875 0.2046875 0.1125
37 0.45390625 0.18984375 0.0703125 0.10625
66 0.3015625 0.190625 0.16640625 0.08046875
71 0.55625 0.2125 0.16796875 0.08671875
8 0.69765625 0.22578125 0.121875 0.059375
19 0.321875 0.40625 0.215625 0.09296875
15 0.69140625 0.45546875 0.1953125 0.1046875
62 0.48515625 0.4578125 0.1359375 0.04609375