19 0.4375 0.59140625 0.19296875 0.08125
20 0.7890625 0.6015625 0.16640625 0.05234375
13 0.6328125 0.609375 0.153125 0.06796875
33 0.653125 0.8328125 0.18671875 0.11015625
29 0.5 0.8375 0.103125 0.12578125
71 0.78984375 0.909375 0.153125 0.075
55 0.7890625 0.2125 0.15390625 0.059375
26 0.43828125 0.22265625 0.15 0.05
62 0.66171875 0.2234375 0.1515625 0.03515625
47 0.73515625 0.39296875 0.10625 0.1515625
51 0.7921875 0.4328125 0.15625 0.096875
34 0.44921875 0.45625 0.196875 0.053125
43 0.64765625 0.45625 0.13125 0.05