15 0.62109375 0.55859375 0.15625 0.0578125
66 0.40390625 0.575 0.1390625 0.06328125
67 0.7859375 0.5921875 0.121875 0.140625
48 0.63671875 0.60234375 0.2015625 0.1046875
12 0.4265625 0.625 0.15234375 0.06171875
47 0.6609375 0.82578125 0.090625 0.1609375
47 0.7453125 0.8296875 0.09140625 0.16875
33 0.3890625 0.8546875 0.1875 0.11640625
62 0.5453125 0.8625 0.11484375 0.05
19 0.75625 0.93515625 0.2125 0.1265625
55 0.534375 0.93359375 0.16328125 0.1125
8 0.35234375 0.93828125 0.190625 0.096875
64 0.38359375 0.17265625 0.2671875 0.14375
51 0.80234375 0.2078125 0.1375 0.09140625
71 0.6625 0.21953125 0.15703125 0.0671875
16 0.47890625 0.215625 0.2125 0.059375
5 0.40625 0.44375 0.178125 0.07578125
18 0.72265625 0.4625 0.1515625 0.06328125
31 0.603125 0.46640625 0.10078125 0.0609375