21 0.415625 0.48203125 0.2421875 0.04375
68 0.77109375 0.58046875 0.1875 0.1046875
48 0.60078125 0.59296875 0.14375 0.0828125
18 0.43046875 0.609375 0.134375 0.065625
33 0.7921875 0.84140625 0.15625 0.15625
66 0.5671875 0.85703125 0.1609375 0.1015625
13 0.42734375 0.875 0.1328125 0.090625
29 0.7796875 0.1765625 0.1671875 0.1125
62 0.62890625 0.2234375 0.178125 0.0359375
37 0.74296875 0.40703125 0.0671875 0.103125
55 0.4546875 0.440625 0.1875 0.0765625
23 0.578125 0.4453125 0.08125 0.078125
64 0.69921875 0.44296875 0.303125 0.08125