51 0.771875 0.596875 0.15625 0.11171875
66 0.39609375 0.5953125 0.134375 0.08359375
48 0.56171875 0.6046875 0.1578125 0.075
13 0.4015625 0.86328125 0.1625 0.0859375
20 0.76953125 0.890625 0.2125 0.10546875
23 0.58828125 0.89140625 0.0828125 0.0765625
33 0.45546875 0.21484375 0.2859375 0.06875
18 0.77421875 0.2203125 0.0890625 0.04765625
47 0.4140625 0.396875 0.121875 0.16328125
29 0.78671875 0.4234375 0.1703125 0.140625
68 0.4171875 0.4546875 0.19140625 0.07109375
26 0.615625 0.4609375 0.11875 0.06640625