18 0.5203125 0.6 0.14609375 0.06875
26 0.72734375 0.6109375 0.1296875 0.06484375
47 0.371875 0.5953125 0.10078125 0.09765625
64 0.42265625 0.79921875 0.2265625 0.15625
62 0.7265625 0.87109375 0.13359375 0.0734375
9 0.559375 0.89140625 0.22421875 0.1171875
55 0.3515625 0.88828125 0.13515625 0.0921875
15 0.4046875 0.19375 0.18984375 0.1
71 0.63828125 0.2171875 0.171875 0.078125
12 0.81015625 0.23515625 0.1609375 0.059375
16 0.43515625 0.225 0.2421875 0.04296875
67 0.628125 0.45390625 0.215625 0.090625
43 0.7765625 0.471875 0.18359375 0.06796875
34 0.43359375 0.459375 0.196875 0.06171875