36 0.33359375 0.590625 0.0796875 0.153125
8 0.41015625 0.5921875 0.1453125 0.078125
48 0.784375 0.58203125 0.14453125 0.1
64 0.58515625 0.59453125 0.296875 0.134375
47 0.68984375 0.81328125 0.1 0.1609375
47 0.778125 0.809375 0.09453125 0.16328125
33 0.4203125 0.8703125 0.234375 0.12265625
62 0.58671875 0.8734375 0.1015625 0.065625
5 0.76484375 0.87734375 0.2015625 0.103125
51 0.77578125 0.18125 0.134375 0.10078125
16 0.63359375 0.21328125 0.1859375 0.05625
12 0.3390625 0.23046875 0.128125 0.0484375
19 0.41171875 0.4546875 0.2890625 0.09375
18 0.68359375 0.446875 0.109375 0.06171875