16 0.62734375 0.47421875 0.1109375 0.0359375
29 0.4453125 0.56171875 0.15 0.1390625
15 0.5890625 0.58046875 0.17890625 0.09375
19 0.6890625 0.6046875 0.284375 0.09765625
47 0.7578125 0.83515625 0.10234375 0.1609375
8 0.61875 0.85390625 0.20546875 0.1
47 0.79921875 0.8578125 0.1078125 0.165625
68 0.36328125 0.88125 0.178125 0.125
64 0.3609375 0.15546875 0.19609375 0.1765625
67 0.54140625 0.1796875 0.1234375 0.12890625
51 0.6765625 0.20234375 0.1625 0.0890625
31 0.8109375 0.2234375 0.109375 0.046875
33 0.7890625 0.4234375 0.16875 0.15
37 0.33984375 0.4328125 0.065625 0.11640625
66 0.5734375 0.4390625 0.12890625 0.090625
71 0.44140625 0.446875 0.1453125 0.06875
16 0.7421875 0.46484375 0.134375 0.071875