62 0.54296875 0.4734375 0.1515625 0.03984375
51 0.37109375 0.584375 0.1390625 0.09921875
19 0.753125 0.61484375 0.2 0.096875
12 0.54375 0.62578125 0.12421875 0.05625
16 0.365625 0.878125 0.18046875 0.12578125
43 0.5046875 0.88515625 0.16015625 0.0859375
67 0.8171875 0.1859375 0.12734375 0.14609375
66 0.659375 0.2078125 0.15078125 0.090625
8 0.40546875 0.2140625 0.2203125 0.06875
37 0.71484375 0.44453125 0.06875 0.1140625
15 0.39921875 0.43515625 0.178125 0.09375
31 0.71015625 0.4609375 0.1015625 0.053125
23 0.79453125 0.4703125 0.0859375 0.071875