18 0.52421875 0.59921875 0.14375 0.0640625
26 0.73125 0.603125 0.128125 0.059375
47 0.37578125 0.59921875 0.0984375 0.0953125
64 0.4328125 0.80234375 0.221875 0.1484375
62 0.7390625 0.8625 0.12890625 0.06875
9 0.57265625 0.8890625 0.2203125 0.109375
55 0.36484375 0.89296875 0.1328125 0.0875
15 0.39453125 0.19765625 0.1859375 0.09375
71 0.628125 0.2125 0.16953125 0.071875
12 0.80078125 0.225 0.159375 0.053125
16 0.42578125 0.22734375 0.240625 0.0328125
67 0.6265625 0.44921875 0.21484375 0.0828125
43 0.77578125 0.4625 0.18125 0.06171875
34 0.43203125 0.46171875 0.1953125 0.0546875