8 0.421875 0.58828125 0.1625 0.090625
71 0.5625 0.603125 0.153125 0.096875
19 0.7515625 0.60390625 0.203125 0.090625
23 0.35078125 0.6171875 0.08125 0.07109375
64 0.79453125 0.85 0.15625 0.234375
66 0.52109375 0.875 0.134375 0.10546875
9 0.3671875 0.90078125 0.153125 0.10625
16 0.57421875 0.2125 0.084375 0.046875
31 0.7109375 0.2140625 0.1 0.059375
43 0.80234375 0.2234375 0.1296875 0.0375
36 0.378125 0.23203125 0.221875 0.025
37 0.74609375 0.4171875 0.0640625 0.09140625
15 0.39296875 0.4203125 0.1765625 0.06875
33 0.78046875 0.45 0.16875 0.08828125
68 0.39453125 0.45703125 0.259375 0.084375
16 0.61953125 0.45859375 0.196875 0.0625