36 0.7484375 0.47578125 0.25390625 0.0515625
12 0.35859375 0.4671875 0.13125 0.053125
18 0.53125 0.5984375 0.14296875 0.06640625
19 0.7484375 0.6140625 0.203125 0.09609375
55 0.7546875 0.8875 0.16640625 0.10078125
43 0.49375 0.8828125 0.14921875 0.09375
16 0.36328125 0.88046875 0.1921875 0.1296875
68 0.60625 0.9109375 0.19921875 0.16015625
67 0.78515625 0.1890625 0.1296875 0.125
66 0.44765625 0.203125 0.1640625 0.084375
71 0.62890625 0.2203125 0.1640625 0.071875
33 0.45390625 0.43984375 0.2765625 0.0828125