19 0.72421875 0.59921875 0.215625 0.1046875
55 0.54375 0.6015625 0.15546875 0.08359375
18 0.365625 0.59375 0.11875 0.07578125
29 0.57109375 0.84609375 0.1734375 0.084375
5 0.71640625 0.87734375 0.1734375 0.0984375
8 0.52421875 0.91171875 0.221875 0.0921875
47 0.7515625 0.18203125 0.10625 0.1625
67 0.36640625 0.16796875 0.109375 0.1328125
16 0.51640625 0.2234375 0.225 0.065625
68 0.68828125 0.46015625 0.0875 0.0703125
71 0.56796875 0.4578125 0.21875 0.08125
66 0.3640625 0.44921875 0.146875 0.0890625