12 0.54296875 0.4671875 0.115625 0.03515625
21 0.67578125 0.47265625 0.1265625 0.0375
26 0.76328125 0.590625 0.109375 0.053125
18 0.6296875 0.6015625 0.146875 0.05390625
9 0.434375 0.60625 0.16953125 0.0625
19 0.446875 0.85546875 0.21875 0.0953125
66 0.7609375 0.865625 0.12265625 0.075
55 0.72578125 0.21328125 0.20625 0.0640625
47 0.7640625 0.4015625 0.13515625 0.065625
29 0.4046875 0.42734375 0.14765625 0.1140625
23 0.6046875 0.4421875 0.065625 0.05859375
47 0.77109375 0.45390625 0.1421875 0.06875