18 0.53828125 0.59765625 0.109375 0.0703125
47 0.36484375 0.59140625 0.0984375 0.1
26 0.74296875 0.6109375 0.15625 0.07265625
68 0.71953125 0.8921875 0.196875 0.12890625
55 0.5640625 0.89765625 0.1375 0.0890625
5 0.39921875 0.89375 0.209375 0.10703125
15 0.51796875 0.20703125 0.1734375 0.0921875
23 0.81015625 0.2296875 0.0875 0.06484375
12 0.38984375 0.2140625 0.13125 0.04765625
67 0.396875 0.403125 0.11875 0.128125
64 0.5890625 0.428125 0.290625 0.115625
34 0.7484375 0.4734375 0.284375 0.06484375