51 0.36328125 0.5796875 0.146875 0.103125
15 0.51796875 0.5921875 0.171875 0.10390625
18 0.6921875 0.6125 0.14375 0.06796875
43 0.7546875 0.8953125 0.15 0.08515625
71 0.3765625 0.88046875 0.171875 0.0921875
16 0.49921875 0.8890625 0.10625 0.096875
16 0.64453125 0.90625 0.0890625 0.08203125
19 0.78125 0.21796875 0.22578125 0.09375
12 0.36875 0.21796875 0.13046875 0.04375
62 0.52734375 0.23046875 0.13125 0.040625
66 0.375 0.43671875 0.15625 0.096875
31 0.68671875 0.46328125 0.103125 0.0609375
23 0.79375 0.4703125 0.08046875 0.07109375
55 0.54140625 0.4625 0.171875 0.07578125