12 0.81171875 0.47421875 0.1359375 0.0578125
26 0.734375 0.603125 0.12578125 0.05703125
18 0.5328125 0.60078125 0.13359375 0.0640625
47 0.38203125 0.59921875 0.0953125 0.0984375
64 0.6734375 0.80859375 0.25859375 0.1109375
55 0.37109375 0.8875 0.14375 0.08828125
9 0.740625 0.90625 0.215625 0.109375
62 0.5609375 0.91328125 0.1625 0.078125
71 0.703125 0.225 0.140625 0.05546875
43 0.40390625 0.22109375 0.1421875 0.04375
16 0.56171875 0.228125 0.2015625 0.03828125
67 0.4015625 0.4109375 0.12109375 0.12734375
34 0.62578125 0.4640625 0.1890625 0.05625