21 0.81015625 0.471875 0.1328125 0.03203125
8 0.621875 0.5859375 0.11171875 0.090625
26 0.4625 0.5953125 0.10078125 0.053125
5 0.8125 0.59921875 0.171875 0.0828125
55 0.8 0.88984375 0.14921875 0.0953125
62 0.43046875 0.88984375 0.14375 0.0578125
37 0.8390625 0.1921875 0.08359375 0.10859375
66 0.403125 0.20703125 0.15 0.0671875
71 0.68984375 0.21484375 0.1484375 0.0578125
13 0.53671875 0.2171875 0.140625 0.04765625
47 0.42265625 0.3984375 0.096875 0.15859375
67 0.675 0.41328125 0.10546875 0.134375