29 0.4796875 0.55859375 0.134375 0.1125
48 0.4078125 0.60078125 0.1609375 0.10625
16 0.7734375 0.61640625 0.1734375 0.078125
62 0.571875 0.621875 0.1234375 0.046875
66 0.50625 0.8640625 0.165625 0.1046875
43 0.36015625 0.88359375 0.121875 0.0828125
9 0.759375 0.88125 0.2078125 0.1
29 0.79453125 0.18828125 0.1203125 0.1078125
33 0.40390625 0.21640625 0.2515625 0.0609375
47 0.596875 0.39296875 0.1109375 0.14375
64 0.41953125 0.4453125 0.2359375 0.0875
71 0.56640625 0.46015625 0.190625 0.0671875
34 0.7515625 0.45859375 0.19375 0.0609375