67 0.7421875 0.565625 0.10859375 0.134375
29 0.3359375 0.584375 0.115625 0.12578125
51 0.45703125 0.60078125 0.146875 0.10625
23 0.7515625 0.61796875 0.07890625 0.065625
15 0.6875 0.83125 0.15078125 0.1
37 0.33828125 0.84375 0.05625 0.1
8 0.5578125 0.87734375 0.17734375 0.0953125
43 0.725 0.91171875 0.190625 0.06875
36 0.3859375 0.93828125 0.23125 0.09375
47 0.52109375 0.1609375 0.109375 0.175
67 0.37578125 0.18046875 0.125 0.1265625
12 0.7359375 0.2234375 0.15 0.040625
68 0.50859375 0.45078125 0.2140625 0.08125
55 0.73125 0.45625 0.16953125 0.078125
31 0.3546875 0.45859375 0.09140625 0.0546875