8 0.4296875 0.59609375 0.17109375 0.103125
19 0.7546875 0.5890625 0.21640625 0.11015625
71 0.56484375 0.6015625 0.153125 0.09140625
55 0.50546875 0.865625 0.1453125 0.08125
15 0.38125 0.909375 0.178125 0.12578125
64 0.3578125 0.19609375 0.26015625 0.125
31 0.678125 0.2078125 0.121875 0.06015625
43 0.7796875 0.20859375 0.12265625 0.0484375
62 0.559375 0.22578125 0.13046875 0.0359375
37 0.35234375 0.43125 0.0671875 0.10546875
66 0.58046875 0.434375 0.1390625 0.08203125
5 0.71015625 0.44296875 0.1671875 0.0796875
18 0.40546875 0.45859375 0.128125 0.0640625