75 0.51953125 0.60859375 0.15546875 0.25
75 0.6359375 0.5765625 0.1390625 0.23359375
75 0.575 0.43984375 0.1390625 0.06640625
75 0.4640625 0.50703125 0.13359375 0.2
75 0.51953125 0.38671875 0.128125 0.053125
75 0.421875 0.3984375 0.11640625 0.03984375
75 0.19453125 0.71484375 0.2109375 0.33671875
75 0.35 0.58671875 0.14453125 0.23359375
75 0.196875 0.51484375 0.16640625 0.0796875
75 0.128125 0.378125 0.1890625 0.18984375
75 0.28359375 0.375 0.14453125 0.196875
75 0.7859375 0.5953125 0.1890625 0.15703125
75 0.9109375 0.39296875 0.13359375 0.06015625
75 0.93046875 0.5484375 0.11640625 0.2265625