13 0.69140625 0.21328125 0.116796875 0.0265625
59 0.59140625 0.225 0.0890625 0.05
47 0.5640625 0.33203125 0.094140625 0.096875
47 0.621875 0.31796875 0.094140625 0.103125
47 0.725 0.325 0.08828125 0.053125
47 0.728125 0.26015625 0.078125 0.066796875
75 0.828125 0.6953125 0.078125 0.062890625
75 0.75 0.6984375 0.078125 0.062890625
75 0.68046875 0.703125 0.083203125 0.059765625
75 0.625 0.70859375 0.06171875 0.057421875
15 0.15859375 0.73359375 0.221875 0.092578125
75 0.69453125 0.7765625 0.1 0.046875