75 0.51953125 0.60859375 0.155078125 0.25
75 0.6359375 0.5765625 0.13984375 0.22890625
75 0.575 0.43984375 0.13828125 0.063671875
75 0.4640625 0.50703125 0.133984375 0.196875
75 0.51953125 0.38671875 0.128125 0.05
75 0.421875 0.3984375 0.116015625 0.040234375
75 0.19453125 0.71484375 0.2109375 0.336328125
75 0.35 0.58671875 0.144140625 0.233203125
75 0.196875 0.51484375 0.166015625 0.0796875
75 0.128125 0.378125 0.194140625 0.190234375
75 0.28359375 0.375 0.1390625 0.196875
75 0.7859375 0.5953125 0.18984375 0.156640625
75 0.9109375 0.39296875 0.128125 0.060546875
75 0.93046875 0.5484375 0.116796875 0.22734375