75 0.31953125 0.51171875 0.41640625 0.09296875
75 0.371875 0.58203125 0.38359375 0.08359375
75 0.6 0.5453125 0.1109375 0.08359375
75 0.4890625 0.478125 0.33359375 0.0796875
75 0.6890625 0.51171875 0.08359375 0.0765625
75 0.66953125 0.453125 0.06640625 0.06640625
75 0.2109375 0.31640625 0.421875 0.1265625
75 0.35546875 0.41015625 0.3890625 0.08671875
75 0.475 0.31796875 0.13359375 0.1
75 0.703125 0.2765625 0.31640625 0.11328125
75 0.70859375 0.3703125 0.328125 0.08671875
75 0.34140625 0.671875 0.2609375 0.11328125
75 0.678125 0.746875 0.1 0.0796875
75 0.41953125 0.75859375 0.378125 0.0703125