75 0.68046875 0.48828125 0.416796875 0.089453125
75 0.628125 0.41796875 0.378125 0.083203125
75 0.4 0.4546875 0.1 0.087109375
75 0.5109375 0.521875 0.333984375 0.08046875
75 0.3109375 0.48828125 0.08984375 0.0765625
75 0.33046875 0.546875 0.066796875 0.066015625
75 0.7890625 0.68359375 0.421875 0.1265625
75 0.64453125 0.58984375 0.3890625 0.086328125
75 0.525 0.68203125 0.133984375 0.096875
75 0.296875 0.7234375 0.316015625 0.112890625
75 0.29140625 0.6296875 0.328125 0.087109375
75 0.65859375 0.328125 0.2609375 0.109765625
75 0.321875 0.253125 0.1 0.07421875
75 0.58046875 0.24140625 0.371875 0.0703125