71 0.0140625 0.58984375 0.028125 0.0265625
71 0.0140625 0.56328125 0.028125 0.0265625
71 0.00859375 0.51640625 0.016796875 0.033203125
71 0.00859375 0.55 0.016796875 0.02578125
71 0.01640625 0.5640625 0.0328125 0.0375
13 0.03359375 0.38515625 0.066796875 0.0703125
59 0.04140625 0.4421875 0.0828125 0.053125
47 0.21953125 0.46171875 0.1609375 0.057421875
47 0.196875 0.4265625 0.171875 0.053125
47 0.20859375 0.36484375 0.0890625 0.053125
47 0.1 0.36328125 0.11171875 0.046875
75 0.825 0.303125 0.105859375 0.046875
75 0.83046875 0.35 0.105078125 0.046875
75 0.8390625 0.39140625 0.1 0.05
75 0.846875 0.425 0.094140625 0.040234375
15 0.8890625 0.7046875 0.16015625 0.133984375