30 0.896875 0.36796875 0.205859375 0.057421875
30 0.896875 0.40859375 0.18828125 0.046875
16 0.8640625 0.46171875 0.13984375 0.046875
16 0.871875 0.49296875 0.144140625 0.033203125
16 0.875 0.51640625 0.133984375 0.033203125
10 0.8609375 0.5546875 0.133984375 0.056640625
35 0.9078125 0.60703125 0.184375 0.0796875
37 0.9109375 0.696875 0.178125 0.087109375
32 0.321875 0.553125 0.6 0.11953125
41 0.071875 0.29765625 0.14375 0.0890625
75 0.096875 0.43203125 0.19375 0.0765625
10 0.08359375 0.59296875 0.166796875 0.246875
8 0.1359375 0.31640625 0.271875 0.086328125
8 0.146875 0.35234375 0.29375 0.0796875