30 0.28046875 0.25703125 0.094921875 0.133203125
30 0.346875 0.26171875 0.078125 0.113671875
16 0.4359375 0.28203125 0.078125 0.083203125
16 0.4890625 0.2765625 0.055859375 0.087109375
16 0.528125 0.275 0.055859375 0.08046875
10 0.59140625 0.28359375 0.094921875 0.0796875
35 0.678125 0.246875 0.133984375 0.12578125
37 0.828125 0.18984375 0.144140625 0.233203125
32 0.5890625 0.60703125 0.2 0.360546875
41 0.1640625 0.91328125 0.15 0.1734375
75 0.3859375 0.79140625 0.128125 0.216796875
10 0.65859375 0.8984375 0.4109375 0.203125
8 0.19453125 0.7453125 0.144921875 0.216015625
8 0.25546875 0.71484375 0.133203125 0.183203125