30 0.28046875 0.25703125 0.09453125 0.13359375
30 0.346875 0.26171875 0.08359375 0.11328125
16 0.4359375 0.28203125 0.078125 0.08359375
16 0.4890625 0.2765625 0.05546875 0.08671875
16 0.528125 0.275 0.05546875 0.0796875
10 0.59140625 0.28359375 0.09453125 0.0796875
35 0.678125 0.246875 0.13359375 0.1265625
37 0.828125 0.18984375 0.14453125 0.23359375
32 0.5890625 0.60703125 0.20546875 0.36015625
41 0.1640625 0.91328125 0.15 0.1734375
75 0.3859375 0.79140625 0.128125 0.21640625
10 0.65859375 0.8984375 0.4109375 0.203125
8 0.19453125 0.7453125 0.14453125 0.21640625
8 0.25546875 0.71484375 0.13359375 0.18359375