30 0.896875 0.36796875 0.20546875 0.05703125
30 0.896875 0.40859375 0.1890625 0.046875
16 0.8640625 0.46171875 0.1390625 0.046875
16 0.871875 0.49296875 0.14453125 0.03359375
16 0.875 0.51640625 0.13359375 0.03359375
10 0.8609375 0.5546875 0.13359375 0.05703125
35 0.9078125 0.60703125 0.184375 0.0796875
37 0.9109375 0.696875 0.178125 0.08671875
32 0.321875 0.553125 0.6 0.1203125
41 0.071875 0.29765625 0.14375 0.0890625
75 0.096875 0.43203125 0.19375 0.0765625
10 0.08359375 0.59296875 0.16640625 0.246875
8 0.1359375 0.31640625 0.271875 0.08671875
8 0.146875 0.35234375 0.29375 0.0796875