25 0.3859375 0.51640625 0.11015625 0.057421875
25 0.35859375 0.48671875 0.116796875 0.046875
25 0.46640625 0.496875 0.0890625 0.059765625
18 0.65 0.50703125 0.2 0.0703125
16 0.346875 0.68671875 0.08828125 0.110546875
16 0.4109375 0.6796875 0.078125 0.093359375
16 0.45 0.671875 0.071875 0.08046875
16 0.4890625 0.66328125 0.083984375 0.089453125
5 0.7609375 0.703125 0.15 0.106640625
5 0.728125 0.6453125 0.11171875 0.062890625
5 0.628125 0.68203125 0.13828125 0.0796875
40 0.2140625 0.7796875 0.25 0.12109375
10 0.23046875 0.878125 0.2 0.12421875
10 0.4109375 0.8484375 0.183984375 0.109765625
10 0.59453125 0.8484375 0.205078125 0.109765625
51 0.76640625 0.853125 0.178125 0.109765625
51 0.88359375 0.8796875 0.1 0.103125
5 0.69453125 0.1234375 0.171875 0.109765625
10 0.271875 0.10859375 0.228125 0.1265625
10 0.51953125 0.1046875 0.166796875 0.106640625
10 0.375 0.0953125 0.15 0.106640625