18 0.05 0.64296875 0.1 0.0734375
25 0.03359375 0.59296875 0.066796875 0.0265625
25 0.03359375 0.56640625 0.066796875 0.0265625
25 0.03359375 0.54140625 0.066796875 0.0234375
71 0.2140625 0.59296875 0.16015625 0.046875
10 0.3140625 0.61796875 0.171875 0.039453125
24 0.33046875 0.53671875 0.133203125 0.039453125
10 0.1890625 0.71015625 0.133984375 0.039453125
10 0.328125 0.578125 0.15 0.046875
5 0.30546875 0.46171875 0.1890625 0.042578125
5 0.296875 0.428125 0.194140625 0.046875
75 0.04453125 0.7546875 0.0890625 0.037109375
75 0.04453125 0.7234375 0.0890625 0.033984375
75 0.04453125 0.68984375 0.0890625 0.033203125
75 0.3 0.36640625 0.221875 0.039453125
75 0.30546875 0.4 0.2109375 0.033984375
47 0.8 0.40859375 0.4 0.042578125