5 0.48046875 0.2203125 0.08359375 0.03984375
5 0.56640625 0.2203125 0.078125 0.03984375
5 0.653125 0.21796875 0.09453125 0.03671875
5 0.753125 0.2203125 0.11640625 0.03984375
10 0.5140625 0.43828125 0.11640625 0.18359375
10 0.628125 0.44140625 0.13359375 0.20703125
10 0.74140625 0.43671875 0.11640625 0.23359375
10 0.871875 0.4515625 0.14453125 0.2296875
59 0.175 0.5953125 0.2609375 0.31015625
5 0.125 0.3046875 0.09453125 0.15
5 0.05 0.31171875 0.1 0.153125
41 0.046875 0.66171875 0.078125 0.11015625