18 0.2609375 0.18203125 0.11640625 0.1203125
25 0.34453125 0.1953125 0.04453125 0.0796875
25 0.3890625 0.1953125 0.04453125 0.08359375
25 0.43046875 0.1953125 0.0390625 0.08359375
71 0.34453125 0.328125 0.078125 0.096875
10 0.303125 0.38828125 0.06640625 0.103125
24 0.4390625 0.3984375 0.06640625 0.0796875
10 0.15 0.31328125 0.06640625 0.0796875
10 0.36953125 0.396875 0.078125 0.08984375
5 0.5640625 0.38359375 0.071875 0.11015625
5 0.61953125 0.378125 0.078125 0.11640625
8 0.14140625 0.86484375 0.06640625 0.1203125
8 0.1 0.88203125 0.0609375 0.1
8 0.075 0.9 0.05546875 0.08671875
8 0.071875 0.9484375 0.06640625 0.0703125
8 0.125 0.953125 0.071875 0.05703125
44 0.221875 0.903125 0.11640625 0.13984375
44 0.30546875 0.9046875 0.09453125 0.1296875
75 0.071875 0.178125 0.0609375 0.11015625
75 0.128125 0.18203125 0.05546875 0.11015625
75 0.18359375 0.18671875 0.0609375 0.103125
75 0.721875 0.3796875 0.071875 0.1296875
75 0.66640625 0.38359375 0.05546875 0.1296875
47 0.653125 0.7765625 0.071875 0.43671875