10 0.54453125 0.48359375 0.06640625 0.09296875
41 0.49453125 0.496875 0.04453125 0.06640625
71 0.371875 0.36484375 0.05546875 0.08359375
10 0.353125 0.2984375 0.05546875 0.08359375
10 0.3140625 0.3484375 0.05 0.0796875
59 0.6 0.3046875 0.1109375 0.11015625
71 0.68046875 0.2953125 0.05546875 0.0734375
41 0.71953125 0.3 0.0390625 0.06640625
14 0.6 0.5546875 0.08359375 0.11328125
7 0.421875 0.5734375 0.0609375 0.06640625
59 0.175 0.4953125 0.1609375 0.18671875
5 0.5859375 0.1734375 0.05 0.08671875
16 0.4109375 0.8515625 0.071875 0.04296875
47 0.071875 0.50703125 0.05546875 0.196875
47 0.025 0.51015625 0.05 0.21015625
25 0.05 0.21015625 0.05 0.046875
25 0.09453125 0.221875 0.03359375 0.03984375
5 0.54140625 0.178125 0.04453125 0.0703125
5 0.9578125 0.159375 0.084375 0.1125
41 0.80546875 0.2265625 0.0390625 0.05703125
47 0.85546875 0.8515625 0.078125 0.296875