5 0.48046875 0.16484375 0.08359375 0.153125
5 0.56640625 0.16171875 0.078125 0.15703125
5 0.653125 0.15859375 0.0890625 0.16015625
5 0.753125 0.153125 0.11640625 0.1703125
5 0.85859375 0.1484375 0.11640625 0.16015625
10 0.5140625 0.43828125 0.121875 0.18671875
10 0.628125 0.44140625 0.13359375 0.20703125
10 0.74140625 0.43671875 0.121875 0.23359375
10 0.871875 0.4515625 0.14453125 0.23359375
59 0.175 0.5953125 0.2609375 0.31015625
5 0.125 0.3046875 0.09453125 0.15
5 0.05 0.31171875 0.1 0.153125
41 0.046875 0.66171875 0.078125 0.11015625