75 0.5 0.5203125 0.04453125 0.0265625
75 0.54140625 0.5203125 0.05 0.0265625
75 0.5 0.5453125 0.04453125 0.0265625
75 0.54453125 0.546875 0.04453125 0.0265625
47 0.375 0.53671875 0.06640625 0.03984375
47 0.3140625 0.53671875 0.05546875 0.03984375
18 0.44140625 0.53984375 0.08359375 0.03984375
59 0.48046875 0.61640625 0.128125 0.06015625
10 0.40859375 0.61796875 0.0609375 0.03984375
10 0.371875 0.63515625 0.05546875 0.03984375
5 0.41640625 0.728125 0.05546875 0.04296875
5 0.46953125 0.7296875 0.05546875 0.03984375
8 0.49453125 0.703125 0.1 0.03359375
25 0.61640625 0.4765625 0.03359375 0.03359375
25 0.64453125 0.478125 0.03359375 0.03359375
25 0.73359375 0.475 0.04453125 0.0296875
41 0.30859375 0.7265625 0.06640625 0.05
41 0.35859375 0.725 0.05 0.05