18 0.2609375 0.18203125 0.116015625 0.1203125
25 0.34453125 0.1953125 0.044921875 0.07890625
25 0.3890625 0.1953125 0.044140625 0.083984375
25 0.43046875 0.1953125 0.0390625 0.083984375
71 0.34453125 0.328125 0.078125 0.096875
10 0.303125 0.38828125 0.066015625 0.103125
24 0.4390625 0.3984375 0.066015625 0.07890625
10 0.15 0.31328125 0.066015625 0.0796875
10 0.36953125 0.396875 0.078125 0.090234375
5 0.5640625 0.38359375 0.071875 0.110546875
5 0.61953125 0.378125 0.078125 0.116015625
8 0.14140625 0.86484375 0.066796875 0.1203125
8 0.1 0.88203125 0.06171875 0.1
8 0.075 0.9 0.055859375 0.087109375
8 0.071875 0.9484375 0.066015625 0.07109375
8 0.125 0.953125 0.071875 0.056640625
44 0.221875 0.903125 0.116015625 0.140234375
44 0.30546875 0.9046875 0.094921875 0.12890625
75 0.071875 0.178125 0.06171875 0.109765625
75 0.128125 0.18203125 0.055859375 0.110546875
75 0.18359375 0.18671875 0.0609375 0.103125
75 0.721875 0.3796875 0.071875 0.12890625
75 0.66640625 0.38359375 0.055078125 0.1296875
47 0.653125 0.7765625 0.071875 0.437109375