75 0.46640625 0.5 0.044921875 0.02578125
75 0.46640625 0.525 0.044921875 0.03046875
75 0.425 0.5 0.044140625 0.02578125
75 0.421875 0.5265625 0.044140625 0.02734375
47 0.4390625 0.425 0.066015625 0.040234375
47 0.4390625 0.38828125 0.066015625 0.033203125
18 0.43359375 0.46484375 0.066796875 0.05
59 0.30546875 0.48828125 0.1 0.0734375
10 0.303125 0.4453125 0.066015625 0.037109375
10 0.275 0.4234375 0.066015625 0.033984375
5 0.11953125 0.45 0.071875 0.033984375
5 0.11640625 0.48203125 0.066796875 0.033203125
8 0.1609375 0.496875 0.055859375 0.059765625
25 0.5390625 0.5703125 0.055859375 0.02109375
25 0.5359375 0.58671875 0.055859375 0.0203125
25 0.54140625 0.63984375 0.05 0.0265625
41 0.121875 0.38515625 0.08828125 0.036328125
41 0.125 0.41484375 0.083984375 0.0296875