75 0.5 0.5203125 0.044140625 0.02734375
75 0.54140625 0.5203125 0.05 0.02734375
75 0.5 0.5453125 0.044140625 0.02734375
75 0.54453125 0.546875 0.044921875 0.02578125
47 0.375 0.53671875 0.066015625 0.039453125
47 0.3140625 0.53671875 0.055859375 0.039453125
18 0.44140625 0.53984375 0.083203125 0.039453125
59 0.48046875 0.61640625 0.128125 0.060546875
10 0.40859375 0.61796875 0.0609375 0.039453125
10 0.371875 0.63515625 0.055859375 0.039453125
5 0.41640625 0.728125 0.055078125 0.043359375
5 0.46953125 0.7296875 0.055078125 0.040234375
8 0.49453125 0.703125 0.1 0.033984375
25 0.61640625 0.4765625 0.033203125 0.033984375
25 0.64453125 0.478125 0.033203125 0.033984375
25 0.73359375 0.475 0.044921875 0.03046875
41 0.30859375 0.7265625 0.066796875 0.05
41 0.35859375 0.725 0.05 0.05