5 0.48046875 0.2203125 0.083203125 0.040234375
5 0.56640625 0.2203125 0.078125 0.040234375
5 0.653125 0.21796875 0.094140625 0.036328125
5 0.753125 0.2203125 0.116015625 0.040234375
10 0.5140625 0.43828125 0.116015625 0.183203125
10 0.628125 0.44140625 0.133984375 0.207421875
10 0.74140625 0.43671875 0.116796875 0.233203125
10 0.871875 0.4515625 0.144140625 0.22890625
59 0.175 0.5953125 0.26171875 0.309765625
5 0.125 0.3046875 0.094140625 0.15
5 0.05 0.31171875 0.1 0.153125
41 0.046875 0.66171875 0.078125 0.110546875