5 0.96640625 0.48828125 0.066796875 0.05
5 0.96640625 0.53984375 0.066796875 0.046875
5 0.96953125 0.59140625 0.0609375 0.057421875
5 0.96640625 0.6515625 0.066796875 0.07109375
10 0.603125 0.50859375 0.305859375 0.0703125
10 0.596875 0.5765625 0.344140625 0.07890625
10 0.60546875 0.6453125 0.3890625 0.07109375
10 0.58046875 0.7234375 0.383203125 0.087109375
59 0.34140625 0.3046875 0.516796875 0.156640625
5 0.825 0.275 0.25 0.056640625
5 0.8140625 0.2296875 0.255859375 0.059765625
41 0.23046875 0.228125 0.183203125 0.046875