59 0.346875 0.36796875 0.171875 0.0703125
25 0.65546875 0.121875 0.021875 0.01953125
25 0.678125 0.11796875 0.021875 0.016796875
25 0.7 0.11484375 0.016015625 0.0203125
25 0.71640625 0.11171875 0.021875 0.0234375
10 0.3359375 0.528125 0.06015625 0.037109375
10 0.3890625 0.50859375 0.05 0.0296875
5 0.50546875 0.4265625 0.05 0.02890625
5 0.521875 0.45 0.055859375 0.033984375
41 0.39140625 0.4296875 0.066796875 0.02890625
18 0.396875 0.23671875 0.06171875 0.042578125
72 0.50859375 0.171875 0.044921875 0.046875
72 0.68046875 0.18671875 0.05 0.053125