47 0.65546875 0.746875 0.205078125 0.396875
71 0.828125 0.81171875 0.21171875 0.1296875
71 0.753125 0.9 0.183984375 0.133984375
71 0.91640625 0.90703125 0.166796875 0.107421875
5 0.828125 0.41171875 0.2 0.142578125
5 0.6359375 0.41796875 0.18984375 0.133203125
5 0.46640625 0.41796875 0.178125 0.1234375
25 0.16640625 0.21171875 0.155078125 0.0796875
25 0.0640625 0.21640625 0.128125 0.086328125
24 0.5140625 0.86640625 0.194140625 0.107421875
24 0.4109375 0.8765625 0.133984375 0.12109375
24 0.3640625 0.91328125 0.166015625 0.113671875
18 0.1390625 0.3953125 0.233984375 0.103125