14 0.253125 0.4234375 0.2390625 0.33984375
10 0.43046875 0.496875 0.15 0.2
59 0.6109375 0.7703125 0.2890625 0.3203125
5 0.58046875 0.23203125 0.1 0.1765625
41 0.68359375 0.25 0.1109375 0.14296875
10 0.20859375 0.80703125 0.1890625 0.23359375
53 0.36953125 0.8015625 0.121875 0.2296875
5 0.45 0.775 0.0890625 0.18984375
71 0.53359375 0.46171875 0.04453125 0.06328125
71 0.55546875 0.48671875 0.04453125 0.06640625
71 0.51953125 0.5546875 0.04453125 0.0734375
71 0.55546875 0.53984375 0.03359375 0.0734375