47 0.2109375 0.59296875 0.421875 0.1203125
71 0.053125 0.696875 0.105859375 0.12578125
71 0.05546875 0.6515625 0.1109375 0.109765625
71 0.04453125 0.75 0.0890625 0.1
5 0.646875 0.696875 0.23828125 0.11953125
5 0.6359375 0.58203125 0.221875 0.110546875
5 0.6359375 0.4796875 0.205859375 0.106640625
25 0.9578125 0.29921875 0.084375 0.0921875
25 0.95234375 0.23828125 0.0953125 0.0765625
24 0.046875 0.5078125 0.09375 0.115625
24 0.05 0.446875 0.1 0.087109375
24 0.046875 0.4171875 0.09375 0.096875
18 0.675 0.28359375 0.178125 0.139453125