5 0.48046875 0.16484375 0.083203125 0.153125
5 0.56640625 0.16171875 0.078125 0.157421875
5 0.653125 0.15859375 0.08828125 0.160546875
5 0.753125 0.153125 0.116015625 0.16953125
5 0.85859375 0.1484375 0.116796875 0.159765625
10 0.5140625 0.43828125 0.121875 0.186328125
10 0.628125 0.44140625 0.133984375 0.207421875
10 0.74140625 0.43671875 0.121875 0.233203125
10 0.871875 0.4515625 0.144140625 0.233984375
59 0.175 0.5953125 0.26171875 0.309765625
5 0.125 0.3046875 0.094140625 0.15
5 0.05 0.31171875 0.1 0.153125
41 0.046875 0.66171875 0.078125 0.110546875