14 0.253125 0.4234375 0.23828125 0.340234375
10 0.43046875 0.496875 0.15 0.2
59 0.6109375 0.7703125 0.28984375 0.32109375
5 0.58046875 0.23203125 0.1 0.1765625
41 0.68359375 0.25 0.1109375 0.143359375
10 0.20859375 0.80703125 0.1890625 0.233203125
53 0.36953125 0.8015625 0.121875 0.22890625
5 0.45 0.775 0.08828125 0.190234375
71 0.53359375 0.46171875 0.044921875 0.063671875
71 0.55546875 0.48671875 0.044921875 0.066796875
71 0.51953125 0.5546875 0.044921875 0.07265625
71 0.55546875 0.53984375 0.033203125 0.0734375