16 0.571875 0.73515625 0.2609375 0.10703125
10 0.34140625 0.53203125 0.15546875 0.11015625
10 0.4859375 0.5234375 0.1609375 0.1234375
10 0.628125 0.51484375 0.178125 0.1203125
10 0.4 0.45859375 0.13359375 0.08671875
71 0.0609375 0.31640625 0.121875 0.08671875
5 0.3140625 0.28671875 0.1390625 0.09296875
5 0.4359375 0.28359375 0.1390625 0.09296875
47 0.546875 0.1203125 0.13359375 0.23671875
8 0.275 0.71015625 0.2609375 0.15
8 0.19453125 0.93828125 0.328125 0.1234375
59 0.15859375 0.1453125 0.31640625 0.13984375