16 0.571875 0.73515625 0.26171875 0.107421875
10 0.34140625 0.53203125 0.155078125 0.110546875
10 0.4859375 0.5234375 0.16015625 0.12265625
10 0.628125 0.51484375 0.178125 0.1203125
10 0.4 0.45859375 0.133984375 0.086328125
71 0.0609375 0.31640625 0.121875 0.086328125
5 0.3140625 0.28671875 0.13984375 0.092578125
5 0.4359375 0.28359375 0.13984375 0.092578125
47 0.546875 0.1203125 0.133984375 0.237109375
8 0.275 0.71015625 0.26171875 0.15
8 0.19453125 0.93828125 0.328125 0.1234375
59 0.15859375 0.1453125 0.316796875 0.140234375