5 0.96640625 0.48828125 0.06640625 0.05
5 0.96640625 0.53984375 0.06640625 0.046875
5 0.96953125 0.59140625 0.0609375 0.05703125
5 0.96640625 0.6515625 0.06640625 0.0703125
10 0.603125 0.50859375 0.30546875 0.0703125
10 0.596875 0.5765625 0.34453125 0.0796875
10 0.60546875 0.6453125 0.3890625 0.0703125
10 0.58046875 0.7234375 0.3890625 0.08671875
59 0.34140625 0.3046875 0.51640625 0.15703125
5 0.825 0.275 0.25 0.053125
5 0.8140625 0.2296875 0.25546875 0.06015625
41 0.23046875 0.228125 0.18359375 0.046875