14 0.628125 0.3515625 0.566015625 0.143359375
10 0.50546875 0.45859375 0.333203125 0.089453125
59 0.15859375 0.56640625 0.316796875 0.1734375
5 0.9 0.546875 0.2 0.059765625
41 0.9 0.61015625 0.2 0.066796875
10 0.096875 0.32265625 0.19375 0.1140625
53 0.09453125 0.4203125 0.1890625 0.07265625
5 0.1 0.4703125 0.2 0.059765625
71 0.5640625 0.5203125 0.105859375 0.02734375
71 0.521875 0.53359375 0.11171875 0.0265625
71 0.40859375 0.51171875 0.121875 0.0265625
71 0.43359375 0.53359375 0.121875 0.0203125