5 0.51953125 0.7796875 0.08359375 0.03984375
5 0.43359375 0.7796875 0.078125 0.03984375
5 0.346875 0.78203125 0.09453125 0.03671875
5 0.246875 0.7796875 0.11640625 0.03984375
10 0.4859375 0.56171875 0.11640625 0.18359375
10 0.371875 0.55859375 0.13359375 0.20703125
10 0.25859375 0.56328125 0.11640625 0.23359375
10 0.128125 0.5484375 0.14453125 0.23359375
59 0.825 0.4046875 0.2609375 0.31015625
5 0.875 0.6953125 0.0890625 0.15
5 0.95 0.68828125 0.1 0.153125
41 0.953125 0.33828125 0.078125 0.11015625