75 0.53359375 0.5 0.044921875 0.02578125
75 0.53359375 0.475 0.044921875 0.03046875
75 0.575 0.5 0.044140625 0.02578125
75 0.578125 0.4734375 0.044140625 0.02734375
47 0.5609375 0.575 0.066015625 0.040234375
47 0.5609375 0.61171875 0.066015625 0.033203125
18 0.56640625 0.53515625 0.066796875 0.05
59 0.69453125 0.51171875 0.1 0.0765625
10 0.696875 0.5546875 0.066015625 0.037109375
10 0.725 0.5765625 0.066015625 0.033984375
5 0.88046875 0.55 0.071875 0.033984375
5 0.88359375 0.51796875 0.066796875 0.033203125
8 0.8390625 0.503125 0.055859375 0.059765625
25 0.4609375 0.4296875 0.055859375 0.02109375
25 0.4640625 0.41328125 0.055859375 0.0203125
25 0.45859375 0.36015625 0.05 0.0265625
41 0.878125 0.61484375 0.083984375 0.039453125
41 0.875 0.58515625 0.083984375 0.0296875