10 0.54453125 0.48359375 0.066796875 0.092578125
41 0.49453125 0.496875 0.044921875 0.066015625
71 0.371875 0.36484375 0.055859375 0.083203125
10 0.353125 0.2984375 0.055859375 0.083984375
10 0.3140625 0.3484375 0.05 0.07890625
59 0.6 0.3046875 0.11171875 0.109765625
71 0.68046875 0.2953125 0.055078125 0.07265625
41 0.71953125 0.3 0.0390625 0.066015625
14 0.6 0.5546875 0.083984375 0.112890625
7 0.421875 0.5734375 0.06171875 0.066015625
59 0.175 0.4953125 0.16171875 0.187109375
5 0.5859375 0.1734375 0.05 0.087109375
16 0.4109375 0.8515625 0.071875 0.043359375
47 0.071875 0.50703125 0.055859375 0.196875
47 0.025 0.51015625 0.05 0.210546875
25 0.05 0.21015625 0.05 0.046875
25 0.09453125 0.221875 0.033203125 0.040234375
5 0.54140625 0.178125 0.044921875 0.06953125
5 0.9578125 0.159375 0.084375 0.1125
41 0.80546875 0.2265625 0.0390625 0.056640625
47 0.85546875 0.8515625 0.078125 0.296875