5 0.0640625 0.51171875 0.128125 0.05
5 0.0640625 0.46015625 0.128125 0.046875
5 0.06640625 0.40625 0.1328125 0.053125
5 0.071875 0.34765625 0.14375 0.0703125
5 0.06640625 0.28515625 0.1328125 0.0703125
10 0.396875 0.49140625 0.31171875 0.0734375
10 0.403125 0.4234375 0.344140625 0.07890625
10 0.39453125 0.3546875 0.3890625 0.07265625
10 0.41953125 0.2765625 0.3890625 0.087109375
59 0.65859375 0.6953125 0.516796875 0.156640625
5 0.175 0.725 0.25 0.056640625
5 0.1859375 0.7703125 0.255859375 0.059765625
41 0.76953125 0.771875 0.183203125 0.046875