3 0.67421875 0.90703125 0.1109375 0.0953125
3 0.79140625 0.86796875 0.121875 0.1046875
3 0.32265625 0.59453125 0.0953125 0.0640625
3 0.36328125 0.54609375 0.0609375 0.0359375
0 0.53125 0.3765625 0.08046875 0.065625
0 0.41015625 0.5703125 0.0875 0.059375
0 0.57109375 0.540625 0.090625 0.025
1 0.825 0.1796875 0.19296875 0.115625
1 0.26171875 0.91953125 0.28125 0.1421875
1 0.246875 0.828125 0.25625 0.109375
4 0.20859375 0.85234375 0.084375 0.0546875
4 0.28125 0.83203125 0.084375 0.0421875
4 0.61796875 0.82578125 0.078125 0.0671875
4 0.70859375 0.84296875 0.075 0.0546875
2 0.53515625 0.61796875 0.225 0.0640625
2 0.521875 0.57734375 0.22421875 0.0671875
2 0.40703125 0.61015625 0.0734375 0.0390625