2 0.284375 0.2 0.35625 0.053125
2 0.25625 0.23359375 0.384375 0.0484375
4 0.771875 0.2125 0.078125 0.03125
4 0.85234375 0.21953125 0.109375 0.0765625
3 0.35859375 0.59609375 0.090625 0.0703125
3 0.43125 0.6125 0.1125 0.06875
3 0.43828125 0.4015625 0.134375 0.10625
3 0.559375 0.38203125 0.059375 0.0671875
1 0.19453125 0.91953125 0.13125 0.1609375
1 0.75859375 0.88203125 0.109375 0.1390625
1 0.46640625 0.55234375 0.215625 0.0953125
0 0.65078125 0.64296875 0.103125 0.0703125
0 0.77265625 0.66171875 0.115625 0.0765625
0 0.67734375 0.5890625 0.090625 0.059375
0 0.778125 0.6046875 0.128125 0.053125