1 0.103125 0.209375 0.153125 0.15625
1 0.146875 0.76015625 0.128125 0.109375
1 0.45859375 0.47265625 0.0953125 0.215625
4 0.60625 0.29296875 0.065625 0.109375
4 0.61015625 0.384375 0.0578125 0.103125
4 0.609375 0.48125 0.059375 0.090625
4 0.6234375 0.559375 0.065625 0.103125
3 0.35859375 0.35546875 0.0734375 0.103125
3 0.3828125 0.43828125 0.08125 0.121875
3 0.4203125 0.36875 0.05 0.084375
3 0.41953125 0.440625 0.0234375 0.09375
0 0.3875 0.65390625 0.065625 0.084375
0 0.36640625 0.76796875 0.0765625 0.103125
0 0.42890625 0.68359375 0.0359375 0.084375
0 0.4203125 0.775 0.04375 0.125
2 0.7 0.60390625 0.059375 0.084375
2 0.67109375 0.51796875 0.0671875 0.06875
2 0.65625 0.54453125 0.03125 0.046875