3 0.16875 0.18828125 0.125 0.0796875
0 0.35546875 0.1859375 0.13125 0.09375
0 0.4875 0.184375 0.1171875 0.09375
0 0.58984375 0.80234375 0.0921875 0.0765625
0 0.68046875 0.8125 0.1015625 0.06875
3 0.32109375 0.6359375 0.1125 0.06875
3 0.43046875 0.6328125 0.128125 0.08125
4 0.62421875 0.6140625 0.090625 0.05
4 0.67421875 0.59609375 0.078125 0.0421875
4 0.75703125 0.6234375 0.1015625 0.05
4 0.76484375 0.58984375 0.075 0.0359375
1 0.2375 0.85390625 0.225 0.2171875
2 0.365625 0.859375 0.053125 0.171875
2 0.42578125 0.8609375 0.06875 0.1625
2 0.509375 0.85234375 0.08125 0.1484375