3 0.19140625 0.12734375 0.1625 0.1109375
3 0.34921875 0.1453125 0.15625 0.1125
3 0.53125 0.74375 0.084375 0.06875
3 0.625 0.7453125 0.075 0.06875
0 0.50546875 0.15703125 0.14375 0.0921875
0 0.38359375 0.55390625 0.1125 0.0703125
0 0.48046875 0.546875 0.078125 0.05625
0 0.71796875 0.17890625 0.078125 0.0609375
1 0.75234375 0.11875 0.2421875 0.159375
1 0.26875 0.91015625 0.3796875 0.1546875
2 0.84921875 0.89453125 0.234375 0.1859375
2 0.38671875 0.61328125 0.25625 0.0984375
2 0.51640625 0.62734375 0.165625 0.1078125
4 0.52734375 0.5390625 0.065625 0.05
4 0.58984375 0.5640625 0.075 0.053125
4 0.340625 0.36796875 0.109375 0.0640625
4 0.43671875 0.36171875 0.103125 0.0734375