2 0.39140625 0.559375 0.0640625 0.259375
2 0.1546875 0.459375 0.115625 0.16875
2 0.63515625 0.31015625 0.0453125 0.128125
3 0.1796875 0.25703125 0.08125 0.10625
3 0.41875 0.728125 0.071875 0.10625
3 0.4421875 0.61640625 0.05625 0.090625
3 0.45078125 0.52109375 0.0578125 0.078125
4 0.6421875 0.20703125 0.059375 0.09375
4 0.640625 0.42109375 0.059375 0.096875
4 0.21171875 0.365625 0.0578125 0.103125
0 0.15234375 0.334375 0.0734375 0.103125
0 0.64609375 0.60625 0.0703125 0.0875
0 0.64453125 0.70234375 0.0671875 0.1125