1 0.26328125 0.19609375 0.2984375 0.0484375
0 0.65 0.1828125 0.1 0.059375
0 0.71953125 0.17578125 0.065625 0.0515625
0 0.39296875 0.54609375 0.08125 0.0578125
0 0.465625 0.53828125 0.065625 0.0421875
2 0.175 0.86796875 0.06796875 0.1578125
2 0.52109375 0.78828125 0.2875 0.0359375
3 0.53828125 0.828125 0.0859375 0.078125
3 0.70625 0.56640625 0.1 0.0734375
3 0.63359375 0.72421875 0.059375 0.0640625
1 0.375 0.6046875 0.234375 0.0875
4 0.57421875 0.59921875 0.09375 0.0546875
4 0.61171875 0.57734375 0.059375 0.0515625
4 0.5375 0.534375 0.0625 0.040625
4 0.775 0.1921875 0.1 0.05
2 0.55 0.5765625 0.1125 0.078125
1 0.43203125 0.3203125 0.128125 0.028125
1 0.496875 0.34375 0.078125 0.06875
3 0.52265625 0.34375 0.015625 0.025