3 0.659375 0.88046875 0.165625 0.1046875
3 0.49609375 0.8921875 0.15 0.11875
3 0.46875 0.16796875 0.109375 0.0921875
3 0.63203125 0.2046875 0.115625 0.075
0 0.40703125 0.25625 0.09375 0.071875
0 0.76484375 0.08359375 0.146875 0.1265625
0 0.53359375 0.67890625 0.134375 0.1234375
0 0.80234375 0.67265625 0.146875 0.0921875
4 0.303125 0.3828125 0.10625 0.065625
4 0.190625 0.38046875 0.103125 0.0640625
4 0.375 0.44375 0.0875 0.05625
4 0.221875 0.4171875 0.10625 0.053125
2 0.2375 0.06875 0.2125 0.1375
2 0.296875 0.1046875 0.234375 0.15625
2 0.34375 0.0984375 0.315625 0.13125
1 0.6 0.3953125 0.228125 0.134375
1 0.42734375 0.4203125 0.090625 0.09375
1 0.48359375 0.44921875 0.103125 0.0859375