4 0.32109375 0.178125 0.096875 0.06875
4 0.45234375 0.16953125 0.096875 0.0640625
4 0.559375 0.490625 0.05625 0.034375
3 0.45078125 0.2328125 0.115625 0.0625
3 0.55625 0.22421875 0.096875 0.0828125
3 0.77109375 0.85546875 0.109375 0.0734375
0 0.42109375 0.47421875 0.103125 0.0640625
0 0.66328125 0.84296875 0.115625 0.0578125
0 0.49453125 0.48046875 0.06875 0.0390625
2 0.58828125 0.44296875 0.25625 0.0328125
2 0.56953125 0.46171875 0.2359375 0.0375
2 0.57265625 0.265625 0.203125 0.028125
1 0.30234375 0.8265625 0.309375 0.034375
1 0.68828125 0.2140625 0.19375 0.1125
1 0.52265625 0.67890625 0.103125 0.0734375
1 0.46171875 0.7015625 0.134375 0.034375
3 0.54453125 0.67578125 0.046875 0.0296875