0 0.18984375 0.15078125 0.1171875 0.0859375
0 0.446875 0.51796875 0.10078125 0.0609375
0 0.51953125 0.515625 0.065625 0.0375
0 0.79609375 0.1578125 0.1328125 0.078125
4 0.803125 0.1703125 0.09375 0.059375
4 0.58515625 0.51640625 0.0546875 0.0328125
4 0.596875 0.5015625 0.065625 0.028125
4 0.62890625 0.51484375 0.034375 0.0296875
3 0.33828125 0.5890625 0.10625 0.084375
3 0.50390625 0.72734375 0.109375 0.0734375
3 0.66953125 0.7203125 0.090625 0.06875
3 0.3 0.14609375 0.125 0.1015625
1 0.75078125 0.58828125 0.19375 0.0859375
1 0.409375 0.5796875 0.10625 0.084375
1 0.49609375 0.58515625 0.175 0.0765625
2 0.58671875 0.78203125 0.31875 0.0484375
2 0.58125 0.55390625 0.25703125 0.0578125
1 0.27890625 0.753125 0.0921875 0.0875
1 0.57109375 0.33359375 0.059375 0.0515625