1 0.21015625 0.82421875 0.121875 0.1859375
1 0.653125 0.7921875 0.159375 0.10625
1 0.44140625 0.546875 0.284375 0.1
3 0.215625 0.325 0.128125 0.084375
3 0.34453125 0.3140625 0.13125 0.10625
3 0.278125 0.1546875 0.13125 0.09375
3 0.37265625 0.50859375 0.084375 0.0359375
0 0.634375 0.52421875 0.096875 0.0578125
0 0.44765625 0.15 0.1171875 0.103125
0 0.58046875 0.1359375 0.1234375 0.096875
0 0.44765625 0.5109375 0.0875 0.03125
2 0.57890625 0.76171875 0.153125 0.1453125
2 0.74765625 0.5578125 0.078125 0.0875
2 0.65625 0.56015625 0.115625 0.0828125