3 0.1140625 0.15703125 0.103125 0.121875
3 0.13046875 0.39453125 0.0921875 0.115625
3 0.19453125 0.503125 0.0921875 0.11875
3 0.2125 0.38125 0.075 0.115625
0 0.14375 0.28203125 0.109375 0.11875
0 0.365625 0.67421875 0.09375 0.134375
0 0.36875 0.478125 0.115625 0.14375
0 0.35859375 0.3375 0.0953125 0.1375
4 0.3734375 0.240625 0.071875 0.10625
4 0.41953125 0.34921875 0.0640625 0.09375
4 0.39375 0.40703125 0.059375 0.08125
1 0.13046875 0.8125 0.2078125 0.15546875
1 0.06953125 0.915625 0.1390625 0.16875
1 0.4640625 0.78125 0.159375 0.175
1 0.66640625 0.57421875 0.0484375 0.096875
2 0.46328125 0.584375 0.0796875 0.340625