2 0.8765625 0.58359375 0.09375 0.321875
2 0.90859375 0.67109375 0.1390625 0.271875
2 0.55234375 0.35390625 0.0515625 0.175
1 0.80859375 0.41328125 0.1203125 0.284375
1 0.5578125 0.475 0.078125 0.109375
4 0.54765625 0.55703125 0.0421875 0.078125
4 0.60859375 0.63203125 0.0484375 0.078125
4 0.6078125 0.7375 0.0625 0.096875
4 0.56796875 0.71171875 0.0328125 0.08125
3 0.76171875 0.31484375 0.0484375 0.071875
3 0.75625 0.571875 0.04375 0.078125
0 0.73359375 0.52265625 0.0578125 0.0625
0 0.80546875 0.60078125 0.0859375 0.115625
0 0.79609375 0.66328125 0.0578125 0.046875
0 0.11328125 0.82421875 0.1078125 0.153125
3 0.14140625 0.684375 0.0453125 0.0609375
3 0.14140625 0.72734375 0.0546875 0.059375