0 0.103125 0.18203125 0.1125 0.15625
0 0.79375 0.6 0.103125 0.1375
0 0.784375 0.65234375 0.0625 0.075
0 0.7203125 0.540625 0.05625 0.078125
3 0.75078125 0.33046875 0.0484375 0.096875
3 0.7375 0.584375 0.040625 0.09375
3 0.5609375 0.64296875 0.08125 0.109375
3 0.11953125 0.053125 0.0921875 0.10625
4 0.60546875 0.74765625 0.0640625 0.115625
4 0.54609375 0.57265625 0.0546875 0.071875
4 0.56171875 0.734375 0.0546875 0.096875
4 0.13828125 0.271875 0.0796875 0.090625
1 0.60078125 0.33984375 0.0921875 0.190625
1 0.559375 0.51953125 0.08125 0.084375
1 0.79765625 0.39921875 0.1296875 0.309375
2 0.9046875 0.67578125 0.121875 0.271875
2 0.86875 0.59453125 0.0875 0.3109375
2 0.53984375 0.375 0.0484375 0.190625