2 0.909375 0.315625 0.153125 0.20625
2 0.77890625 0.43515625 0.0515625 0.275
2 0.56171875 0.409375 0.0359375 0.259375
1 0.87265625 0.77265625 0.1953125 0.2625
1 0.60625 0.62265625 0.090625 0.121875
1 0.60390625 0.515625 0.0765625 0.165625
3 0.82421875 0.559375 0.1046875 0.128125
3 0.825 0.43828125 0.09375 0.115625
3 0.12421875 0.16875 0.1015625 0.1375
0 0.528125 0.57421875 0.065625 0.109375
0 0.5234375 0.50234375 0.05 0.078125
0 0.1390625 0.290625 0.08125 0.115625
4 0.16484375 0.10859375 0.0609375 0.0625
4 0.52578125 0.434375 0.0359375 0.06875
4 0.5265625 0.36171875 0.025 0.06875
4 0.5140625 0.41875 0.03125 0.065625
1 0.3 0.51328125 0.090625 0.146875
1 0.3453125 0.446875 0.04375 0.06875
3 0.31328125 0.43828125 0.0265625 0.034375