3 0.51171875 0.82890625 0.09375 0.0734375
3 0.59375 0.740625 0.05546875 0.05
3 0.50234375 0.59296875 0.0875 0.0578125
0 0.396875 0.578125 0.09375 0.05625
0 0.44296875 0.57578125 0.053125 0.0421875
0 0.65390625 0.28203125 0.0171875 0.0328125
1 0.69765625 0.24609375 0.1875 0.1140625
1 0.31875 0.81640625 0.20546875 0.0734375
1 0.18828125 0.8484375 0.13125 0.125
4 0.4625 0.62734375 0.084375 0.0453125
4 0.51796875 0.5625 0.059375 0.025
4 0.35546875 0.43125 0.0734375 0.040625
4 0.43515625 0.428125 0.0875 0.04375
3 0.51640625 0.40546875 0.0203125 0.0453125
0 0.70625 0.62265625 0.090625 0.0546875
2 0.5 0.79375 0.23046875 0.034375
2 0.28828125 0.8796875 0.08125 0.10625
2 0.16015625 0.92109375 0.05 0.0421875