0 0.35703125 0.340625 0.1078125 0.153125
0 0.84609375 0.765625 0.0921875 0.1109375
0 0.65859375 0.596875 0.0859375 0.115625
0 0.9390625 0.75546875 0.09375 0.1234375
1 0.303125 0.49375 0.115625 0.078125
1 0.38359375 0.49609375 0.0453125 0.053125
1 0.56796875 0.7125 0.1359375 0.134375
4 0.89296875 0.19609375 0.0703125 0.096875
4 0.87890625 0.290625 0.0609375 0.103125
4 0.609375 0.30703125 0.0625 0.090625
3 0.8125 0.334375 0.090625 0.10625
3 0.81640625 0.43203125 0.0890625 0.096875
3 0.775 0.625 0.03125 0.034375
3 0.8234375 0.659375 0.06875 0.06875
1 0.82578125 0.61484375 0.1921875 0.190625
2 0.57578125 0.46796875 0.0546875 0.20625
2 0.621875 0.421875 0.05 0.06875