3 0.52578125 0.8640625 0.140625 0.10625
3 0.553125 0.78046875 0.13125 0.0953125
3 0.553125 0.70703125 0.09375 0.0578125
3 0.540625 0.6609375 0.059375 0.040625
4 0.66328125 0.79296875 0.090625 0.0765625
4 0.76484375 0.78359375 0.109375 0.0703125
4 0.74765625 0.72109375 0.1046875 0.0546875
0 0.609375 0.675 0.06875 0.0625
0 0.68359375 0.69140625 0.0921875 0.0515625
0 0.36171875 0.665625 0.10625 0.08125
0 0.465625 0.66171875 0.090625 0.0890625
1 0.21328125 0.75234375 0.2234375 0.2234375
2 0.34609375 0.759375 0.0671875 0.125
2 0.403125 0.76796875 0.090625 0.1484375
2 0.46484375 0.75625 0.059375 0.11875