3 0.14296875 0.87265625 0.1046875 0.1375
3 0.18671875 0.78125 0.0765625 0.09453125
3 0.21015625 0.27890625 0.0796875 0.1
3 0.4796875 0.665625 0.04375 0.053125
4 0.8109375 0.25546875 0.04375 0.090625
4 0.8125 0.31796875 0.028125 0.03125
0 0.6640625 0.51796875 0.059375 0.08125
0 0.475 0.62578125 0.046875 0.09375
0 0.50234375 0.48359375 0.0296875 0.046875
4 0.271875 0.51328125 0.05 0.078125
4 0.29140625 0.37265625 0.0453125 0.046875
1 0.44765625 0.39140625 0.1390625 0.3125
2 0.41875 0.56953125 0.04375 0.084375
2 0.45703125 0.58046875 0.0484375 0.103125
2 0.434375 0.63671875 0.03125 0.065625