0 0.2109375 0.59453125 0.065625 0.071875
0 0.196875 0.68671875 0.071875 0.103125
0 0.4390625 0.421875 0.05 0.084375
0 0.83203125 0.50546875 0.0890625 0.140625
3 0.82109375 0.196875 0.0671875 0.153125
3 0.81796875 0.34921875 0.0640625 0.109375
3 0.3859375 0.36328125 0.0625 0.109375
3 0.3921875 0.47109375 0.078125 0.125
1 0.1234375 0.29453125 0.153125 0.19375
1 0.49375 0.565625 0.15625 0.190625
4 0.40703125 0.6375 0.0640625 0.0875
4 0.40546875 0.73984375 0.0546875 0.109375
2 0.696875 0.53203125 0.0625 0.059375
2 0.65546875 0.5625 0.0765625 0.065625
2 0.72578125 0.61640625 0.0578125 0.078125