2 0.19609375 0.16640625 0.109375 0.1609375
2 0.57109375 0.43671875 0.184375 0.0609375
2 0.5375 0.24453125 0.240625 0.0515625
0 0.41015625 0.465625 0.109375 0.075
0 0.48046875 0.46875 0.065625 0.040625
0 0.65703125 0.81796875 0.109375 0.0828125
0 0.73046875 0.82109375 0.078125 0.0640625
4 0.78984375 0.8171875 0.096875 0.05
4 0.371875 0.13203125 0.115625 0.0890625
4 0.44453125 0.1546875 0.078125 0.06875
1 0.28515625 0.80859375 0.325 0.0765625
1 0.64140625 0.153125 0.284375 0.125
3 0.41015625 0.21796875 0.1296875 0.0765625
3 0.528125 0.20546875 0.115625 0.0828125
3 0.509375 0.465625 0.09375 0.059375
1 0.48828125 0.6625 0.16875 0.08125
4 0.55546875 0.47734375 0.06875 0.0390625