3 0.271875 0.834375 0.115625 0.078125
3 0.4125 0.82890625 0.090625 0.0796875
3 0.471875 0.78671875 0.08125 0.0765625
3 0.37421875 0.76484375 0.115625 0.0671875
0 0.60859375 0.86796875 0.134375 0.0984375
0 0.75234375 0.87578125 0.109375 0.0765625
0 0.64375 0.80234375 0.096875 0.0765625
0 0.74453125 0.80859375 0.096875 0.0640625
1 0.41171875 0.64140625 0.328125 0.0953125
1 0.72578125 0.5484375 0.146875 0.13125
2 0.55390625 0.55625 0.3 0.0375
2 0.47421875 0.6046875 0.059375 0.03125
4 0.58203125 0.51640625 0.065625 0.0359375
1 0.53203125 0.37109375 0.065625 0.0515625
1 0.25390625 0.18984375 0.3125 0.0515625
4 0.540625 0.53125 0.034375 0.009375