3 0.18203125 0.40546875 0.0953125 0.11875
3 0.17265625 0.52578125 0.0890625 0.115625
3 0.89296875 0.7875 0.0921875 0.15546875
4 0.403125 0.77734375 0.05625 0.125
4 0.415625 0.62734375 0.059375 0.096875
4 0.4859375 0.56328125 0.046875 0.08125
4 0.84921875 0.821875 0.0484375 0.13671875
1 0.1125 0.18125 0.175 0.3
1 0.8484375 0.24921875 0.06875 0.353125
1 0.7 0.46953125 0.128125 0.15625
3 0.7 0.528125 0.0375 0.034375
0 0.47578125 0.403125 0.0734375 0.090625
0 0.47578125 0.48515625 0.0484375 0.071875
0 0.86953125 0.66953125 0.0828125 0.1234375
2 0.45234375 0.565625 0.0234375 0.265625
2 0.42265625 0.559375 0.0453125 0.259375
2 0.22578125 0.53828125 0.0328125 0.309375