0 0.640625 0.37265625 0.10625 0.0796875
0 0.54921875 0.390625 0.090625 0.065625
0 0.640625 0.42421875 0.10625 0.0453125
0 0.64140625 0.45390625 0.096875 0.0265625
3 0.278125 0.17109375 0.103125 0.0796875
3 0.23828125 0.2046875 0.09375 0.065625
3 0.40546875 0.27109375 0.0859375 0.0640625
3 0.43359375 0.3046875 0.0625 0.028125
1 0.32109375 0.4015625 0.2375 0.046875
1 0.31484375 0.42421875 0.225 0.0203125
1 0.42890625 0.815625 0.325 0.1125
4 0.19609375 0.78828125 0.1 0.0515625
2 0.71328125 0.81015625 0.30625 0.0359375
2 0.71796875 0.78203125 0.31875 0.0265625