1 0.1140625 0.58671875 0.0875 0.378125
1 0.1671875 0.58125 0.075 0.3546875
2 0.14140625 0.22890625 0.0515625 0.390625
2 0.18515625 0.23125 0.0296875 0.3875
4 0.16796875 0.83046875 0.0671875 0.13125
3 0.6390625 0.61640625 0.090625 0.125
3 0.63671875 0.75078125 0.0953125 0.140625
3 0.621875 0.8375 0.078125 0.121875
3 0.60703125 0.678125 0.0640625 0.08125
0 0.65 0.43515625 0.084375 0.1
0 0.671875 0.34453125 0.09375 0.153125
0 0.60703125 0.31953125 0.0546875 0.11875
0 0.57421875 0.31171875 0.0328125 0.115625