1 0.76796875 0.92109375 0.303125 0.1578125
1 0.69140625 0.64375 0.265625 0.053125
1 0.58828125 0.615625 0.253125 0.084375
1 0.48203125 0.35546875 0.071875 0.0421875
3 0.33984375 0.82890625 0.103125 0.0890625
3 0.23203125 0.86640625 0.140625 0.1109375
3 0.25 0.79375 0.1046875 0.0625
3 0.303125 0.60390625 0.128125 0.0703125
0 0.296875 0.56171875 0.09375 0.0453125
0 0.60859375 0.53671875 0.078125 0.0703125
0 0.53828125 0.5234375 0.065625 0.025
4 0.46171875 0.5203125 0.05625 0.01875
2 0.446875 0.53671875 0.30625 0.0515625
2 0.559375 0.5796875 0.05625 0.034375
2 0.43203125 0.56875 0.046875 0.0375
0 0.27109375 0.1609375 0.115625 0.053125
4 0.25546875 0.18828125 0.103125 0.0640625