2 0.66171875 0.36875 0.390625 0.05625
2 0.31875 0.36015625 0.303125 0.0359375
4 0.70859375 0.33203125 0.0875 0.0171875
4 0.62734375 0.3359375 0.078125 0.009375
4 0.52421875 0.33046875 0.090625 0.0203125
0 0.5375 0.86171875 0.115625 0.0765625
0 0.42734375 0.8578125 0.121875 0.08125
0 0.34375 0.83046875 0.103125 0.0828125
0 0.51796875 0.709375 0.071875 0.053125
3 0.67421875 0.74609375 0.078125 0.0671875
3 0.50625 0.80546875 0.096875 0.0578125
3 0.65546875 0.534375 0.090625 0.04375
3 0.565625 0.540625 0.08125 0.0375