2 0.309375 0.26875 0.2984375 0.0375
2 0.56171875 0.42890625 0.1015625 0.0515625
2 0.80234375 0.2625 0.109375 0.04375
4 0.378125 0.8859375 0.0859375 0.059375
4 0.35546875 0.85 0.078125 0.05
4 0.53359375 0.24921875 0.096875 0.0640625
4 0.46953125 0.2546875 0.065625 0.046875
0 0.31171875 0.42265625 0.115625 0.0734375
0 0.42265625 0.42578125 0.109375 0.0765625
0 0.584375 0.590625 0.090625 0.071875
0 0.49296875 0.57421875 0.078125 0.0390625
1 0.70234375 0.65703125 0.246875 0.0546875
1 0.70390625 0.6265625 0.221875 0.025
3 0.34375 0.62265625 0.0921875 0.0640625
3 0.43515625 0.64453125 0.1 0.0609375
3 0.49921875 0.615625 0.0984375 0.065625
3 0.38828125 0.58984375 0.071875 0.0484375
1 0.584375 0.78125 0.10625 0.09375