0 0.90546875 0.77734375 0.1171875 0.1625
0 0.740625 0.43203125 0.0625 0.08125
0 0.33203125 0.83046875 0.0953125 0.153125
0 0.1078125 0.09765625 0.11875 0.1625
3 0.7953125 0.65625 0.075 0.1
3 0.83203125 0.5 0.0796875 0.103125
3 0.13515625 0.24453125 0.0640625 0.06875
3 0.13125 0.20390625 0.0625 0.059375
4 0.55703125 0.39609375 0.0546875 0.096875
4 0.62265625 0.31875 0.0515625 0.0875
4 0.62578125 0.21484375 0.0640625 0.103125
4 0.5796875 0.23984375 0.034375 0.109375
1 0.60625 0.62265625 0.140625 0.25
1 0.55859375 0.484375 0.1015625 0.10625
2 0.90625 0.325 0.165625 0.221875
2 0.93125 0.26640625 0.1375 0.225
2 0.9140625 0.41640625 0.09375 0.184375