3 0.89609375 0.88671875 0.1078125 0.121875
3 0.8328125 0.84140625 0.0625 0.1171875
3 0.80390625 0.371875 0.0609375 0.065625
3 0.7625 0.403125 0.034375 0.03125
4 0.9265625 0.32734375 0.08125 0.103125
4 0.91171875 0.23125 0.0734375 0.109375
4 0.56484375 0.465625 0.0234375 0.028125
2 0.21171875 0.31015625 0.0515625 0.303125
0 0.9328125 0.809375 0.109375 0.1609375
0 0.86328125 0.7375 0.0765625 0.1
0 0.60546875 0.82734375 0.0765625 0.1125
0 0.57578125 0.65234375 0.0515625 0.090625
1 0.80546875 0.38984375 0.1796875 0.1875
1 0.584375 0.3375 0.115625 0.171875