3 0.45 0.16640625 0.146875 0.0890625
0 0.30859375 0.178125 0.109375 0.065625
0 0.23984375 0.18359375 0.046875 0.0609375
1 0.715625 0.19921875 0.321875 0.0546875
1 0.66640625 0.89921875 0.290625 0.1234375
1 0.275 0.80234375 0.246875 0.1546875
2 0.81484375 0.81640625 0.090625 0.1265625
2 0.478125 0.7609375 0.29375 0.046875
3 0.46640625 0.79609375 0.103125 0.0796875
3 0.36484375 0.70390625 0.075 0.0484375
0 0.596875 0.53515625 0.096875 0.0734375
0 0.51640625 0.53203125 0.075 0.0546875
4 0.4625 0.52109375 0.084375 0.0484375
4 0.43359375 0.58203125 0.0625 0.0453125
4 0.353125 0.58671875 0.090625 0.0609375
2 0.44140625 0.55546875 0.203125 0.0703125