2 0.23046875 0.15546875 0.328125 0.0390625
2 0.22734375 0.18515625 0.3421875 0.0328125
1 0.50546875 0.15234375 0.33125 0.1078125
1 0.76953125 0.165625 0.090625 0.0625
1 0.71796875 0.1796875 0.04375 0.04375
3 0.446875 0.75234375 0.090625 0.0640625
3 0.47265625 0.709375 0.0546875 0.034375
0 0.30859375 0.6109375 0.1296875 0.078125
0 0.409375 0.59296875 0.10625 0.0703125
0 0.31484375 0.5609375 0.109375 0.05
0 0.31953125 0.5453125 0.10625 0.05625
1 0.70546875 0.80625 0.121875 0.128125
1 0.7875 0.78828125 0.15 0.0796875