3 0.14296875 0.12734375 0.1046875 0.1375
3 0.18671875 0.21875 0.0765625 0.096875
3 0.21015625 0.72109375 0.0796875 0.1
3 0.4796875 0.334375 0.04375 0.053125
4 0.8109375 0.74453125 0.04375 0.090625
4 0.8125 0.68203125 0.028125 0.03125
0 0.6640625 0.48203125 0.059375 0.08125
0 0.475 0.37421875 0.046875 0.09375
0 0.50234375 0.51640625 0.0296875 0.046875
4 0.271875 0.48671875 0.05 0.078125
4 0.29140625 0.62734375 0.0453125 0.046875
1 0.44765625 0.60859375 0.1390625 0.3125
2 0.41875 0.43046875 0.04375 0.084375
2 0.45703125 0.41953125 0.0484375 0.103125
2 0.434375 0.36328125 0.03125 0.065625