3 0.58359375 0.91640625 0.1171875 0.1015625
3 0.76328125 0.9125 0.1359375 0.096875
3 0.63828125 0.8640625 0.128125 0.096875
3 0.72890625 0.8328125 0.125 0.08125
4 0.45625 0.78125 0.0625 0.04375
4 0.59921875 0.75546875 0.0734375 0.0578125
4 0.72890625 0.22890625 0.0546875 0.0859375
4 0.790625 0.23203125 0.090625 0.0578125
0 0.184375 0.88125 0.13125 0.10625
0 0.13046875 0.83984375 0.11875 0.0953125
0 0.259375 0.8453125 0.0984375 0.090625
0 0.53203125 0.3703125 0.059375 0.0625
1 0.61328125 0.60078125 0.2859375 0.1421875
2 0.459375 0.57265625 0.190625 0.0859375
2 0.38671875 0.60078125 0.1609375 0.0484375
2 0.45 0.62421875 0.0921875 0.0484375