3 0.57265625 0.81015625 0.0984375 0.146875
3 0.1953125 0.48203125 0.053125 0.065625
3 0.196875 0.38046875 0.053125 0.078125
4 0.55546875 0.66328125 0.0515625 0.103125
4 0.559375 0.571875 0.059375 0.103125
4 0.371875 0.396875 0.040625 0.071875
3 0.57734375 0.47734375 0.0578125 0.0375
0 0.3796875 0.621875 0.078125 0.103125
0 0.38203125 0.54296875 0.0546875 0.078125
0 0.38203125 0.471875 0.0609375 0.071875
4 0.4140625 0.47890625 0.015625 0.053125
2 0.1328125 0.37890625 0.1625 0.178125
2 0.1484375 0.48203125 0.028125 0.290625
2 0.11875 0.43203125 0.0375 0.278125
1 0.77578125 0.2625 0.1328125 0.225
1 0.05703125 0.37578125 0.1078125 0.315625