3 0.16953125 0.16796875 0.0890625 0.134375
3 0.1828125 0.30234375 0.096875 0.121875
3 0.80859375 0.71796875 0.0859375 0.115625
3 0.84296875 0.78125 0.1015625 0.121875
0 0.9359375 0.328125 0.121875 0.140625
0 0.61328125 0.61328125 0.0828125 0.13125
0 0.61484375 0.74609375 0.0734375 0.096875
0 0.74296875 0.540625 0.0671875 0.071875
4 0.2203125 0.74453125 0.05 0.13125
4 0.77265625 0.48203125 0.0453125 0.06875
4 0.74453125 0.61484375 0.0515625 0.075
1 0.86015625 0.22734375 0.1578125 0.228125
2 0.57109375 0.34140625 0.1046875 0.178125