4 0.67578125 0.6109375 0.090625 0.046875
4 0.76875 0.61328125 0.1 0.0703125
4 0.17578125 0.83359375 0.06875 0.0578125
4 0.25703125 0.81640625 0.09375 0.0484375
2 0.37421875 0.13984375 0.190625 0.0359375
2 0.34140625 0.17421875 0.1625 0.0421875
2 0.43828125 0.17890625 0.05625 0.0515625
1 0.24375 0.890625 0.25 0.115625
1 0.22109375 0.8 0.2375 0.1
1 0.38046875 0.61328125 0.31875 0.1140625
0 0.54609375 0.55390625 0.090625 0.0671875
0 0.38359375 0.55 0.0921875 0.03125
3 0.46953125 0.546875 0.08125 0.025
3 0.296875 0.55390625 0.078125 0.0296875
3 0.34296875 0.53515625 0.065625 0.0359375
0 0.50859375 0.3609375 0.078125 0.06875