2 0.2 0.715625 0.053125 0.35625
2 0.23359375 0.74375 0.0484375 0.384375
4 0.2125 0.228125 0.03125 0.078125
4 0.21953125 0.14765625 0.0765625 0.109375
3 0.59609375 0.64140625 0.0703125 0.090625
3 0.6125 0.56875 0.06875 0.1125
3 0.4015625 0.56171875 0.10625 0.134375
3 0.38203125 0.440625 0.0671875 0.059375
1 0.91953125 0.80546875 0.1609375 0.13125
1 0.88203125 0.24140625 0.1390625 0.109375
1 0.55234375 0.53359375 0.0953125 0.215625
0 0.64296875 0.34921875 0.0703125 0.103125
0 0.66171875 0.22734375 0.0765625 0.115625
0 0.5890625 0.32265625 0.059375 0.090625
0 0.6046875 0.221875 0.053125 0.128125