3 0.490625 0.9203125 0.121875 0.1
3 0.46328125 0.4859375 0.078125 0.059375
3 0.50078125 0.25546875 0.090625 0.0609375
3 0.18203125 0.259375 0.0890625 0.05
0 0.68125 0.39921875 0.075 0.0484375
0 0.65546875 0.4953125 0.06875 0.040625
0 0.6875 0.5203125 0.090625 0.053125
0 0.44921875 0.7390625 0.08125 0.0625
2 0.42265625 0.4046875 0.221875 0.04375
2 0.64609375 0.43046875 0.078125 0.0578125
2 0.30546875 0.58984375 0.278125 0.0453125
4 0.36328125 0.54375 0.05625 0.03125
4 0.37109375 0.56171875 0.084375 0.0046875