0 0.55 0.5671875 0.096875 0.059375
0 0.46796875 0.56953125 0.09375 0.0671875
0 0.74453125 0.40390625 0.128125 0.0765625
0 0.62578125 0.40078125 0.096875 0.0734375
3 0.375 0.890625 0.109375 0.096875
3 0.24453125 0.93125 0.11875 0.09375
3 0.34765625 0.82734375 0.0875 0.0515625
3 0.24375 0.85390625 0.109375 0.0734375
1 0.34296875 0.63671875 0.253125 0.0546875
1 0.35 0.60546875 0.228125 0.0234375
2 0.48125 0.4125 0.090625 0.05625
2 0.75390625 0.23984375 0.2875 0.0328125
2 0.24453125 0.23125 0.084375 0.0375
4 0.68828125 0.82421875 0.071875 0.0390625
4 0.66640625 0.86640625 0.078125 0.0671875
4 0.51328125 0.2265625 0.090625 0.0625
4 0.578125 0.2328125 0.053125 0.040625
1 0.465625 0.75546875 0.103125 0.1046875