4 0.12734375 0.35390625 0.134375 0.0671875
4 0.22734375 0.35703125 0.0921875 0.0609375
4 0.365625 0.78984375 0.09375 0.0703125
3 0.621875 0.57734375 0.09921875 0.0671875
3 0.728125 0.57734375 0.11328125 0.0796875
3 0.51640625 0.546875 0.075 0.053125
3 0.603125 0.53984375 0.08671875 0.0453125
0 0.60703125 0.34921875 0.090625 0.0703125
0 0.69296875 0.34609375 0.1109375 0.0703125
0 0.48046875 0.18984375 0.0859375 0.0484375
2 0.33515625 0.3546875 0.171875 0.04375
2 0.48828125 0.81640625 0.21875 0.1046875
2 0.2375 0.8578125 0.1625 0.153125