2 0.440625 0.39140625 0.259375 0.0640625
2 0.540625 0.1546875 0.16875 0.115625
2 0.68984375 0.63515625 0.128125 0.0453125
3 0.74296875 0.1796875 0.10625 0.08125
3 0.271875 0.41875 0.10625 0.071875
3 0.38359375 0.4421875 0.090625 0.05625
3 0.47890625 0.45078125 0.078125 0.0578125
4 0.79296875 0.6421875 0.09375 0.059375
4 0.57890625 0.640625 0.096875 0.059375
4 0.634375 0.21171875 0.103125 0.0578125
0 0.665625 0.15234375 0.103125 0.0734375
0 0.39375 0.64609375 0.0875 0.0703125
0 0.29765625 0.64453125 0.1125 0.0671875