4 0.3078125 0.590625 0.059375 0.096875
4 0.29765625 0.73203125 0.0703125 0.109375
4 0.33984375 0.70078125 0.0578125 0.096875
4 0.31875 0.81796875 0.0875 0.0984375
3 0.33515625 0.39296875 0.0765625 0.128125
3 0.3734375 0.47890625 0.08125 0.115625
3 0.3578125 0.29140625 0.075 0.1125
3 0.4046875 0.34765625 0.04375 0.059375
0 0.40078125 0.56953125 0.0796875 0.09375
0 0.38984375 0.38671875 0.0515625 0.103125
0 0.59296875 0.51484375 0.0671875 0.078125
2 0.821875 0.37734375 0.046875 0.184375
2 0.79140625 0.34375 0.0359375 0.178125
2 0.7828125 0.4375 0.04375 0.065625
1 0.2328125 0.553125 0.18125 0.128125
1 0.08359375 0.51875 0.1078125 0.3125