3 0.325 0.26953125 0.1125 0.0578125
3 0.25859375 0.42421875 0.1 0.0734375
3 0.36640625 0.4140625 0.1171875 0.078125
3 0.37734375 0.59765625 0.059375 0.0515625
1 0.53359375 0.86015625 0.1921875 0.0859375
1 0.634375 0.90234375 0.2109375 0.0953125
1 0.29609375 0.840625 0.271875 0.13125
4 0.26171875 0.2734375 0.04375 0.040625
4 0.390625 0.28203125 0.0609375 0.0484375
4 0.64609375 0.4921875 0.059375 0.0375
4 0.71015625 0.521875 0.078125 0.040625
2 0.61171875 0.81171875 0.059375 0.0734375
2 0.646875 0.63203125 0.121875 0.0953125
2 0.73671875 0.646875 0.08125 0.084375
0 0.41953125 0.63515625 0.1015625 0.0828125
0 0.46484375 0.5984375 0.0625 0.05
0 0.63046875 0.61171875 0.0734375 0.0546875
0 0.48203125 0.4171875 0.1234375 0.084375