3 0.4375 0.68671875 0.125 0.0890625
3 0.50703125 0.64296875 0.1015625 0.0796875
3 0.325 0.65546875 0.1171875 0.0796875
3 0.38359375 0.61328125 0.0921875 0.0578125
4 0.65078125 0.71171875 0.1109375 0.0765625
4 0.76015625 0.675 0.1171875 0.08125
4 0.81328125 0.7265625 0.1359375 0.078125
4 0.884375 0.68828125 0.10625 0.0890625
0 0.49453125 0.59765625 0.0984375 0.0609375
0 0.59921875 0.61171875 0.0984375 0.0765625
0 0.55 0.40390625 0.1 0.0640625
0 0.60859375 0.4 0.059375 0.053125
2 0.4 0.15625 0.221875 0.053125
2 0.371875 0.19609375 0.2015625 0.0546875
2 0.49296875 0.1984375 0.0734375 0.05
1 0.58984375 0.7859375 0.1421875 0.1875
1 0.565625 0.9359375 0.3640625 0.1125