3 0.15546875 0.134375 0.1140625 0.140625
3 0.15625 0.25625 0.1125 0.1375
3 0.1640625 0.38046875 0.109375 0.128125
3 0.17734375 0.496875 0.1078125 0.13125
4 0.18671875 0.60390625 0.0890625 0.103125
4 0.18671875 0.71171875 0.0890625 0.109375
4 0.1890625 0.78984375 0.08125 0.0546875
0 0.46015625 0.51171875 0.0734375 0.103125
0 0.4625 0.60859375 0.065625 0.090625
0 0.71953125 0.609375 0.0828125 0.115625
0 0.72734375 0.71953125 0.0921875 0.11875
2 0.7078125 0.37890625 0.05625 0.203125
2 0.7140625 0.49609375 0.065625 0.15
2 0.446875 0.72578125 0.1 0.096875