1 0.91015625 0.634375 0.1390625 0.303125
1 0.8203125 0.275 0.165625 0.278125
3 0.80703125 0.45859375 0.0703125 0.121875
3 0.5578125 0.28984375 0.078125 0.109375
3 0.71328125 0.3625 0.0609375 0.084375
2 0.83046875 0.784375 0.1421875 0.090625
2 0.76484375 0.47109375 0.0546875 0.2875
2 0.57890625 0.44375 0.0765625 0.125
0 0.54609375 0.58046875 0.0640625 0.096875
0 0.53671875 0.509375 0.0578125 0.06875
0 0.209375 0.32890625 0.071875 0.134375
0 0.20390625 0.27578125 0.0796875 0.084375
1 0.225 0.69296875 0.046875 0.30625
4 0.53125 0.44453125 0.046875 0.071875
4 0.6 0.41796875 0.05625 0.06875
4 0.5859375 0.38046875 0.046875 0.090625
4 0.215625 0.215625 0.065625 0.115625