3 0.728125 0.165625 0.115625 0.078125
3 0.5875 0.17109375 0.09296875 0.0796875
3 0.528125 0.21328125 0.08125 0.0765625
3 0.62578125 0.23515625 0.115625 0.0671875
0 0.39140625 0.13203125 0.134375 0.0984375
0 0.24765625 0.12421875 0.109375 0.0765625
0 0.35625 0.19765625 0.096875 0.0765625
0 0.25546875 0.19140625 0.096875 0.0640625
1 0.58828125 0.35859375 0.328125 0.0953125
1 0.27421875 0.4515625 0.146875 0.13125
2 0.44609375 0.44375 0.3 0.0375
2 0.52578125 0.3953125 0.059375 0.03125
4 0.41796875 0.48359375 0.065625 0.0359375
1 0.46796875 0.62890625 0.065625 0.0515625
1 0.74609375 0.81015625 0.3125 0.0515625
4 0.459375 0.46875 0.034375 0.009375