3 0.49140625 0.5625 0.1 0.075
3 0.42421875 0.5515625 0.08125 0.065625
3 0.40390625 0.71875 0.084375 0.05
3 0.31640625 0.721875 0.078125 0.05625
0 0.6 0.78828125 0.103125 0.0765625
0 0.59765625 0.55625 0.1 0.084375
0 0.559375 0.5234375 0.08125 0.04375
4 0.35703125 0.57265625 0.078125 0.0484375
4 0.290625 0.55390625 0.071875 0.0484375
4 0.409375 0.51796875 0.053125 0.0265625
4 0.35234375 0.5421875 0.0625 0.03125
2 0.69765625 0.925 0.278125 0.15
1 0.41015625 0.796875 0.290625 0.13125
1 0.69375 0.875 0.3375 0.134375