4 0.353125 0.62890625 0.053125 0.096875
4 0.3484375 0.53359375 0.05625 0.084375
4 0.5734375 0.509375 0.04375 0.071875
4 0.5109375 0.44140625 0.025 0.053125
3 0.340625 0.45078125 0.05 0.028125
3 0.79921875 0.45859375 0.0796875 0.103125
3 0.71015625 0.35703125 0.0546875 0.065625
3 0.54296875 0.46796875 0.0578125 0.084375
0 0.17421875 0.24375 0.0546875 0.1125
0 0.56875 0.23515625 0.05625 0.1
0 0.52734375 0.57578125 0.0578125 0.084375
0 0.52578125 0.51796875 0.0328125 0.053125
2 0.75546875 0.45546875 0.0421875 0.278125
2 0.8515625 0.68828125 0.115625 0.0984375
2 0.896875 0.828125 0.0375 0.071875
1 0.56328125 0.64921875 0.1046875 0.14375
1 0.8234375 0.81328125 0.134375 0.128125
1 0.7890625 0.66796875 0.071875 0.23125