3 0.59453125 0.18203125 0.11875 0.0953125
3 0.47421875 0.17265625 0.115625 0.0890625
3 0.2125 0.89296875 0.153125 0.0921875
4 0.22265625 0.403125 0.125 0.05625
4 0.37265625 0.415625 0.096875 0.059375
4 0.43671875 0.4859375 0.08125 0.046875
4 0.178125 0.84921875 0.134375 0.0484375
1 0.81875 0.1125 0.3 0.175
1 0.75078125 0.8484375 0.353125 0.06875
1 0.53046875 0.7 0.15625 0.128125
3 0.471875 0.7 0.034375 0.0375
0 0.596875 0.47578125 0.090625 0.0734375
0 0.51484375 0.47578125 0.071875 0.0484375
0 0.33046875 0.86953125 0.121875 0.0828125
2 0.434375 0.45234375 0.265625 0.0234375
2 0.440625 0.42265625 0.259375 0.0453125
2 0.46171875 0.22578125 0.3109375 0.0328125