3 0.88046875 0.1734375 0.13125 0.075
3 0.58046875 0.20625 0.059375 0.015625
3 0.49296875 0.7125 0.08125 0.0625
0 0.296875 0.78671875 0.096875 0.0734375
0 0.60078125 0.53359375 0.053125 0.0265625
3 0.51171875 0.55078125 0.084375 0.0546875
2 0.42890625 0.36953125 0.3375 0.0359375
2 0.84453125 0.35859375 0.084375 0.0515625
2 0.66015625 0.36171875 0.1125 0.0453125
4 0.56875 0.71328125 0.071875 0.0484375
4 0.60703125 0.6984375 0.040625 0.034375
4 0.53984375 0.6828125 0.0375 0.0125
0 0.24609375 0.35703125 0.021875 0.0453125