3 0.42734375 0.18984375 0.0984375 0.146875
3 0.8046875 0.51796875 0.053125 0.065625
3 0.803125 0.61953125 0.053125 0.078125
4 0.44453125 0.33671875 0.0515625 0.103125
4 0.440625 0.428125 0.059375 0.103125
4 0.628125 0.603125 0.040625 0.071875
3 0.42265625 0.52265625 0.0578125 0.0375
0 0.6203125 0.378125 0.078125 0.103125
0 0.61796875 0.45703125 0.0546875 0.078125
0 0.61796875 0.528125 0.0609375 0.071875
4 0.5859375 0.52109375 0.015625 0.053125
2 0.8671875 0.62109375 0.1625 0.1796875
2 0.8515625 0.51796875 0.028125 0.290625
2 0.88125 0.56796875 0.0375 0.278125
1 0.22421875 0.7375 0.1328125 0.225
1 0.94296875 0.62421875 0.1078125 0.315625