1 0.834375 0.81484375 0.15625 0.175
1 0.82890625 0.71015625 0.1421875 0.1125
1 0.56796875 0.625 0.0734375 0.125
1 0.5640625 0.53515625 0.059375 0.196875
1 0.5609375 0.30625 0.065625 0.1625
1 0.32421875 0.46640625 0.0515625 0.078125
3 0.7734375 0.575 0.084375 0.125
3 0.77421875 0.46015625 0.0765625 0.096875
3 0.10859375 0.73671875 0.0921875 0.1359375
3 0.5421875 0.384375 0.06875 0.103125
2 0.8453125 0.34296875 0.14375 0.18125
2 0.734375 0.44609375 0.025 0.253125
2 0.53046875 0.478125 0.0390625 0.18125
0 0.5046875 0.603125 0.0625 0.103125
0 0.496875 0.53671875 0.046875 0.078125
0 0.14609375 0.265625 0.0734375 0.10625
4 0.15703125 0.23515625 0.0640625 0.0875
4 0.48984375 0.459375 0.0234375 0.06875
4 0.50390625 0.40390625 0.0390625 0.065625
4 0.50234375 0.46484375 0.0296875 0.0625
0 0.11484375 0.86015625 0.1109375 0.1421875