1 0.19765625 0.815625 0.271875 0.16875
1 0.534375 0.575 0.22421875 0.08125
4 0.675 0.1640625 0.05 0.028125
4 0.72421875 0.16796875 0.08125 0.0296875
4 0.46640625 0.7203125 0.05 0.040625
4 0.603125 0.69375 0.03671875 0.0375
2 0.33671875 0.51328125 0.0984375 0.0671875
2 0.37265625 0.5453125 0.0921875 0.059375
2 0.27421875 0.55234375 0.0734375 0.0453125
3 0.62421875 0.80078125 0.1015625 0.0921875
3 0.725 0.853125 0.0875 0.084375
3 0.79140625 0.81640625 0.0296875 0.0296875
0 0.5 0.3390625 0.025 0.04375
0 0.74296875 0.675 0.1234375 0.090625
0 0.746875 0.7640625 0.128125 0.096875
0 0.671875 0.74453125 0.04921875 0.0765625