1 0.52109375 0.840625 0.209375 0.16875
1 0.44921875 0.5578125 0.178125 0.034375
1 0.403125 0.58046875 0.215625 0.0453125
2 0.62421875 0.52265625 0.096875 0.0671875
2 0.58984375 0.55 0.096875 0.065625
2 0.68046875 0.5578125 0.09375 0.034375
0 0.66328125 0.31796875 0.134375 0.0921875
0 0.603125 0.24140625 0.11875 0.0734375
0 0.54375 0.31796875 0.1375 0.0984375
0 0.44375 0.7046875 0.0875 0.053125
4 0.771875 0.82734375 0.09375 0.0703125
4 0.7125 0.78359375 0.078125 0.0578125
4 0.26953125 0.20390625 0.065625 0.0640625
4 0.22734375 0.18203125 0.0875 0.0453125
3 0.64921875 0.146875 0.13125 0.08125
3 0.49765625 0.1453125 0.1125 0.090625
3 0.27421875 0.76328125 0.096875 0.0796875
3 0.209375 0.79921875 0.128125 0.0796875