4 0.809375 0.16953125 0.103125 0.0796875
4 0.67734375 0.16953125 0.090625 0.0796875
4 0.57265625 0.17109375 0.0875 0.0640625
4 0.621875 0.18671875 0.078125 0.0765625
3 0.76484375 0.33046875 0.121875 0.1015625
3 0.62734375 0.54765625 0.096875 0.0640625
3 0.46640625 0.5828125 0.115625 0.075
3 0.475 0.5515625 0.109375 0.065625
1 0.45078125 0.821875 0.240625 0.109375
1 0.35546875 0.865625 0.228125 0.115625
1 0.71953125 0.7953125 0.28125 0.146875
0 0.64609375 0.321875 0.121875 0.103125
0 0.51796875 0.32578125 0.121875 0.1046875
0 0.55234375 0.54375 0.0625 0.053125
0 0.359375 0.55234375 0.08125 0.0546875
2 0.23046875 0.58203125 0.103125 0.0890625
2 0.334375 0.58515625 0.10625 0.0765625
2 0.375 0.7703125 0.053125 0.103125