0 0.46015625 0.61953125 0.0828125 0.109375
0 0.5015625 0.453125 0.05625 0.090625
0 0.46640625 0.53671875 0.0703125 0.065625
0 0.8453125 0.27578125 0.08125 0.109375
4 0.6671875 0.68359375 0.065625 0.134375
4 0.6703125 0.57734375 0.090625 0.1125
3 0.27421875 0.47421875 0.0796875 0.096875
3 0.2734375 0.37578125 0.065625 0.071875
3 0.45859375 0.49375 0.0859375 0.103125
3 0.4484375 0.39296875 0.06875 0.090625
2 0.103125 0.859375 0.20625 0.21171875
2 0.09765625 0.65703125 0.1859375 0.128125
2 0.11171875 0.1375 0.1890625 0.225
1 0.121875 0.32109375 0.109375 0.328125
1 0.15 0.41953125 0.125 0.20625
1 0.8984375 0.24375 0.15625 0.240625