3 0.23046875 0.84921875 0.115625 0.0765625
3 0.33125 0.84375 0.1125 0.078125
3 0.60234375 0.54140625 0.1 0.0578125
3 0.315625 0.3453125 0.11875 0.078125
4 0.14453125 0.1859375 0.103125 0.05
4 0.22421875 0.18671875 0.090625 0.0453125
4 0.30234375 0.19140625 0.0921875 0.0421875
0 0.42734375 0.33984375 0.125 0.0953125
0 0.40078125 0.52265625 0.0859375 0.0546875
0 0.49765625 0.5203125 0.0671875 0.0375
2 0.2625 0.7828125 0.3125 0.05625
2 0.434375 0.57109375 0.23125 0.0734375
1 0.159375 0.86171875 0.04921875 0.0578125
1 0.60390625 0.81875 0.2375 0.1375