0 0.359375 0.62734375 0.10625 0.0796875
0 0.45078125 0.609375 0.090625 0.065625
0 0.359375 0.57578125 0.10625 0.0453125
0 0.35859375 0.54609375 0.096875 0.0265625
3 0.721875 0.82890625 0.103125 0.0796875
3 0.76171875 0.7953125 0.09375 0.065625
3 0.59453125 0.72890625 0.084375 0.0640625
3 0.56640625 0.6953125 0.0625 0.028125
1 0.67890625 0.5984375 0.2375 0.046875
1 0.68515625 0.57578125 0.225 0.0203125
1 0.57109375 0.184375 0.325 0.1125
4 0.80390625 0.21171875 0.1 0.0515625
2 0.28671875 0.18984375 0.30625 0.0359375
2 0.28203125 0.21796875 0.31875 0.0265625