4 0.15078125 0.25234375 0.0765625 0.103125
4 0.15859375 0.34453125 0.0734375 0.103125
4 0.45625 0.58046875 0.028125 0.059375
0 0.41875 0.21328125 0.08125 0.103125
0 0.44140625 0.396875 0.0703125 0.109375
0 0.39140625 0.76796875 0.1109375 0.140625
3 0.2203125 0.37890625 0.078125 0.103125
3 0.215625 0.48046875 0.084375 0.090625
3 0.2109375 0.68984375 0.078125 0.084375
3 0.2515625 0.659375 0.034375 0.053125
2 0.8375 0.73203125 0.046875 0.33125
1 0.46171875 0.70234375 0.0984375 0.171875
1 0.71484375 0.534375 0.1203125 0.121875
1 0.63984375 0.54765625 0.0359375 0.084375
1 0.2015625 0.66640625 0.2 0.2