2 0.1625 0.24921875 0.1375 0.196875
0 0.67890625 0.70703125 0.0765625 0.109375
0 0.6734375 0.59765625 0.06875 0.115625
0 0.49140625 0.41953125 0.0671875 0.090625
0 0.51328125 0.5125 0.0359375 0.078125
1 0.12734375 0.76015625 0.2015625 0.1921875
1 0.325 0.42421875 0.115625 0.10625
2 0.846875 0.20546875 0.0375 0.06875
4 0.85078125 0.546875 0.0390625 0.040625
4 0.85703125 0.48515625 0.0515625 0.096875
2 0.66796875 0.45234375 0.0390625 0.075
4 0.25703125 0.64453125 0.0265625 0.065625
4 0.225 0.61953125 0.053125 0.071875
3 0.46640625 0.659375 0.0609375 0.09375
3 0.45078125 0.56953125 0.0546875 0.10625