4 0.809375 0.83046875 0.103125 0.0796875
4 0.67734375 0.83046875 0.0921875 0.0796875
4 0.57265625 0.82890625 0.0875 0.0640625
4 0.621875 0.81328125 0.078125 0.0765625
3 0.76484375 0.66953125 0.121875 0.1015625
3 0.62734375 0.45234375 0.096875 0.0640625
3 0.46640625 0.4171875 0.115625 0.075
3 0.475 0.4484375 0.109375 0.065625
1 0.45078125 0.178125 0.240625 0.109375
1 0.35546875 0.134375 0.228125 0.115625
1 0.71953125 0.2046875 0.28125 0.146875
0 0.64609375 0.678125 0.121875 0.103125
0 0.51796875 0.67421875 0.121875 0.1046875
0 0.55234375 0.45625 0.0625 0.053125
0 0.359375 0.44765625 0.08125 0.0546875
2 0.23046875 0.41796875 0.103125 0.0890625
2 0.334375 0.41484375 0.10625 0.0765625
2 0.375 0.2296875 0.0546875 0.103125