1 0.634375 0.08984375 0.303125 0.1390625
1 0.275 0.1796875 0.2796875 0.165625
3 0.45859375 0.19296875 0.121875 0.0703125
3 0.28984375 0.4421875 0.109375 0.078125
3 0.3625 0.28671875 0.084375 0.0609375
2 0.784375 0.16953125 0.090625 0.1421875
2 0.47109375 0.23515625 0.2875 0.0546875
2 0.44375 0.42109375 0.125 0.0765625
0 0.58046875 0.45390625 0.096875 0.0640625
0 0.509375 0.46328125 0.06875 0.0578125
0 0.32890625 0.790625 0.134375 0.071875
0 0.27578125 0.79609375 0.084375 0.0796875
1 0.69296875 0.775 0.30625 0.046875
4 0.44453125 0.46875 0.071875 0.046875
4 0.41796875 0.4 0.06875 0.05625
4 0.38046875 0.4140625 0.090625 0.046875
4 0.215625 0.784375 0.115625 0.065625