3 0.81328125 0.46328125 0.0765625 0.10625
3 0.65390625 0.39296875 0.0578125 0.103125
3 0.6625 0.478125 0.059375 0.084375
3 0.45078125 0.51953125 0.0609375 0.09375
2 0.64453125 0.271875 0.0609375 0.184375
2 0.63828125 0.621875 0.0421875 0.340625
0 0.18203125 0.196875 0.0796875 0.11875
0 0.17421875 0.703125 0.0828125 0.11171875
0 0.16015625 0.815625 0.0765625 0.115625
0 0.2203125 0.75390625 0.0625 0.0953125
4 0.2796875 0.471875 0.05625 0.071875
4 0.30625 0.50390625 0.04375 0.065625
4 0.3 0.43359375 0.046875 0.053125