0 0.31015625 0.10078125 0.125 0.0796875
0 0.41015625 0.1203125 0.0921875 0.059375
0 0.50625 0.10078125 0.125 0.0921875
0 0.46875 0.68046875 0.084375 0.0453125
3 0.33828125 0.49765625 0.06875 0.0390625
3 0.46796875 0.46875 0.0984375 0.0625
3 0.41953125 0.50625 0.08125 0.034375
3 0.51796875 0.5078125 0.090625 0.04375
4 0.56171875 0.5515625 0.090625 0.059375
4 0.64609375 0.55234375 0.1046875 0.0609375
4 0.75078125 0.5546875 0.09375 0.053125
2 0.40078125 0.8015625 0.33125 0.040625
2 0.41328125 0.86328125 0.340625 0.0671875
2 0.45859375 0.90859375 0.396875 0.1015625