3 0.4375 0.50859375 0.075 0.1
3 0.4484375 0.57578125 0.065625 0.08125
3 0.28125 0.59609375 0.05 0.084375
3 0.278125 0.68359375 0.05625 0.078125
0 0.21171875 0.4 0.0765625 0.103125
0 0.44375 0.40234375 0.084375 0.1
0 0.4765625 0.440625 0.04375 0.08125
4 0.42734375 0.64296875 0.0484375 0.078125
4 0.44609375 0.709375 0.0484375 0.071875
4 0.48203125 0.590625 0.0265625 0.053125
4 0.4578125 0.64765625 0.03125 0.0625
2 0.075 0.30234375 0.15 0.278125
1 0.203125 0.58984375 0.13125 0.290625
1 0.125 0.30625 0.134375 0.3375