4 0.74765625 0.84921875 0.103125 0.0765625
4 0.65546875 0.84140625 0.103125 0.0734375
4 0.41953125 0.54375 0.059375 0.028125
0 0.78671875 0.58125 0.103125 0.08125
0 0.603125 0.55859375 0.109375 0.0703125
0 0.23203125 0.60859375 0.140625 0.1109375
3 0.62109375 0.7796875 0.103125 0.078125
3 0.51953125 0.784375 0.090625 0.084375
3 0.31015625 0.7890625 0.084375 0.078125
3 0.340625 0.7484375 0.053125 0.034375
2 0.26796875 0.1625 0.33125 0.046875
1 0.29765625 0.53828125 0.171875 0.0984375
1 0.465625 0.28515625 0.121875 0.1203125
1 0.45234375 0.36015625 0.084375 0.0359375
1 0.33359375 0.7984375 0.2 0.2