4 0.16953125 0.809375 0.0796875 0.103125
4 0.16953125 0.67734375 0.0796875 0.0921875
4 0.17109375 0.57265625 0.0640625 0.0875
4 0.18671875 0.621875 0.0765625 0.078125
3 0.33046875 0.76484375 0.1015625 0.121875
3 0.54765625 0.62734375 0.0640625 0.096875
3 0.5828125 0.46640625 0.075 0.115625
3 0.5515625 0.475 0.065625 0.109375
1 0.821875 0.45078125 0.109375 0.240625
1 0.865625 0.35546875 0.115625 0.228125
1 0.7953125 0.71953125 0.146875 0.28125
0 0.321875 0.64609375 0.103125 0.121875
0 0.32578125 0.51796875 0.1046875 0.121875
0 0.54375 0.55234375 0.053125 0.0625
0 0.55234375 0.359375 0.0546875 0.08125
2 0.58203125 0.23046875 0.0890625 0.103125
2 0.58515625 0.334375 0.0765625 0.10625
2 0.7703125 0.375 0.103125 0.053125