3 0.80859375 0.12734375 0.1625 0.1109375
3 0.65078125 0.1453125 0.15625 0.1125
3 0.46875 0.74375 0.084375 0.06875
3 0.375 0.7453125 0.075 0.06875
0 0.49453125 0.15703125 0.14375 0.0921875
0 0.61640625 0.55390625 0.1125 0.0703125
0 0.51953125 0.546875 0.078125 0.05625
0 0.28203125 0.17890625 0.078125 0.0609375
1 0.24765625 0.11875 0.240625 0.159375
1 0.73125 0.91015625 0.378125 0.1546875
2 0.15078125 0.89453125 0.234375 0.1859375
2 0.61328125 0.61328125 0.25625 0.0984375
2 0.48359375 0.62734375 0.165625 0.1078125
4 0.47265625 0.5390625 0.065625 0.05
4 0.41015625 0.5640625 0.075 0.053125
4 0.659375 0.36796875 0.109375 0.0640625
4 0.56328125 0.36171875 0.103125 0.0734375