0 0.77734375 0.09453125 0.1625 0.1171875
0 0.43203125 0.259375 0.08125 0.0625
0 0.83046875 0.66796875 0.153125 0.0953125
0 0.09765625 0.8921875 0.1625 0.11875
3 0.65625 0.2046875 0.1 0.075
3 0.5 0.16796875 0.103125 0.0796875
3 0.24453125 0.86484375 0.06875 0.0640625
3 0.20390625 0.86875 0.059375 0.0625
4 0.39609375 0.44296875 0.096875 0.0546875
4 0.31875 0.37734375 0.0875 0.0515625
4 0.21484375 0.37421875 0.103125 0.0640625
4 0.23984375 0.4203125 0.109375 0.034375
1 0.62265625 0.39375 0.25 0.140625
1 0.484375 0.44140625 0.10625 0.1015625
2 0.325 0.09375 0.221875 0.165625
2 0.26640625 0.06875 0.225 0.1375
2 0.41640625 0.0859375 0.184375 0.09375