3 0.83046875 0.83203125 0.0890625 0.1359375
3 0.8171875 0.69765625 0.096875 0.121875
3 0.19140625 0.28203125 0.0859375 0.115625
3 0.15703125 0.21875 0.1015625 0.121875
0 0.0640625 0.671875 0.121875 0.140625
0 0.38671875 0.38671875 0.0828125 0.13125
0 0.38515625 0.25390625 0.0734375 0.096875
0 0.25703125 0.459375 0.0671875 0.071875
4 0.7796875 0.25546875 0.05 0.13125
4 0.22734375 0.51796875 0.0453125 0.06875
4 0.25546875 0.38515625 0.0515625 0.075
1 0.13984375 0.77265625 0.1578125 0.228125
2 0.42890625 0.65859375 0.1046875 0.178125