2 0.75078125 0.8375 0.196875 0.1375
0 0.29296875 0.32109375 0.1109375 0.0765625
0 0.40234375 0.3265625 0.1171875 0.06875
0 0.58046875 0.50859375 0.090625 0.0671875
0 0.4875 0.48671875 0.078125 0.0359375
1 0.23984375 0.87265625 0.1921875 0.2015625
1 0.57578125 0.675 0.10625 0.115625
2 0.79453125 0.153125 0.06875 0.0375
4 0.453125 0.14921875 0.040625 0.0390625
4 0.51484375 0.14296875 0.096875 0.0515625
2 0.54765625 0.33203125 0.075 0.0390625
4 0.35546875 0.74296875 0.065625 0.0265625
4 0.38046875 0.775 0.071875 0.053125
3 0.340625 0.53359375 0.09375 0.0609375
3 0.43046875 0.54921875 0.10625 0.0546875