2 0.871875 0.671875 0.1 0.278125
2 0.82734375 0.6625 0.0859375 0.265625
0 0.58359375 0.20546875 0.0828125 0.128125
0 0.81328125 0.27265625 0.0765625 0.121875
0 0.16484375 0.16875 0.0796875 0.1375
0 0.54140625 0.38046875 0.0328125 0.084375
3 0.31171875 0.46875 0.0484375 0.1
3 0.76796875 0.490625 0.0734375 0.084375
3 0.740625 0.62578125 0.0625 0.084375
3 0.76953125 0.66875 0.0671875 0.096875
4 0.8109375 0.38828125 0.059375 0.09375
4 0.75078125 0.375 0.0484375 0.084375
4 0.55234375 0.51171875 0.0453125 0.053125
4 0.5375 0.55859375 0.059375 0.059375
1 0.36328125 0.54453125 0.0453125 0.084375
1 0.3234375 0.521875 0.071875 0.10625
1 0.4546875 0.675 0.09375 0.234375
1 0.20078125 0.75390625 0.0578125 0.1875
1 0.17890625 0.82890625 0.0546875 0.1921875