3 0.584375 0.55859375 0.103125 0.0765625
3 0.51328125 0.534375 0.09375 0.065625
3 0.67421875 0.540625 0.103125 0.06875
3 0.615625 0.5109375 0.078125 0.04375
4 0.42421875 0.5765625 0.084375 0.05625
4 0.2875 0.58359375 0.109375 0.0546875
4 0.20703125 0.56796875 0.09375 0.0703125
4 0.31328125 0.55390625 0.084375 0.0421875
0 0.72578125 0.325 0.13125 0.084375
0 0.609375 0.33046875 0.121875 0.0796875
0 0.428125 0.51171875 0.11875 0.0671875
0 0.515625 0.49453125 0.078125 0.0328125
2 0.20078125 0.81328125 0.24375 0.1421875
2 0.471875 0.334375 0.078125 0.059375
2 0.22421875 0.15 0.084375 0.05
1 0.73828125 0.81484375 0.23125 0.1296875
1 0.425 0.67578125 0.146875 0.1328125