3 0.5375 0.1703125 0.096875 0.08125
3 0.325 0.15234375 0.0875 0.0796875
3 0.353125 0.19609375 0.06875 0.0515625
3 0.53359375 0.66796875 0.071875 0.0453125
4 0.65625 0.12734375 0.090625 0.0734375
4 0.65078125 0.20390625 0.078125 0.0609375
4 0.44765625 0.42890625 0.059375 0.0453125
0 0.83203125 0.38046875 0.128125 0.0765625
0 0.653125 0.4171875 0.103125 0.046875
0 0.30625 0.3515625 0.140625 0.103125
0 0.209375 0.359375 0.13125 0.08125
1 0.30703125 0.4203125 0.303125 0.065625
1 0.32734375 0.12578125 0.196875 0.1890625
1 0.40703125 0.17109375 0.134375 0.1984375
1 0.46953125 0.61015625 0.04375 0.0515625
1 0.48203125 0.65234375 0.078125 0.0703125
2 0.428125 0.34296875 0.16875 0.0765625
2 0.434375 0.3890625 0.146875 0.040625