3 0.55 0.16640625 0.146875 0.0890625
0 0.69140625 0.178125 0.109375 0.065625
0 0.76015625 0.18359375 0.046875 0.0609375
1 0.284375 0.19921875 0.321875 0.0546875
1 0.33359375 0.89921875 0.290625 0.1234375
1 0.725 0.80234375 0.246875 0.1546875
2 0.18515625 0.81640625 0.090625 0.1265625
2 0.521875 0.7609375 0.29375 0.046875
3 0.53359375 0.79609375 0.103125 0.0796875
3 0.63515625 0.70390625 0.075 0.0484375
0 0.403125 0.53515625 0.096875 0.0734375
0 0.48359375 0.53203125 0.075 0.0546875
4 0.5375 0.52109375 0.084375 0.0484375
4 0.56640625 0.58203125 0.0625 0.0453125
4 0.646875 0.58671875 0.090625 0.0609375
2 0.55859375 0.55546875 0.203125 0.0703125