3 0.340625 0.88046875 0.165625 0.1046875
3 0.50390625 0.8921875 0.15 0.11875
3 0.53125 0.16796875 0.109375 0.0921875
3 0.36796875 0.2046875 0.115625 0.075
0 0.59296875 0.25625 0.09375 0.071875
0 0.23515625 0.08359375 0.146875 0.1265625
0 0.46640625 0.67890625 0.134375 0.1234375
0 0.19765625 0.67265625 0.146875 0.0921875
4 0.696875 0.3828125 0.10625 0.065625
4 0.809375 0.38046875 0.103125 0.0640625
4 0.625 0.44375 0.0875 0.05625
4 0.778125 0.4171875 0.10625 0.053125
2 0.7625 0.06875 0.2125 0.1375
2 0.703125 0.1046875 0.234375 0.15625
2 0.65625 0.0984375 0.315625 0.13125
1 0.4 0.3953125 0.228125 0.134375
1 0.57265625 0.4203125 0.090625 0.09375
1 0.51640625 0.44921875 0.103125 0.0859375