71 0.69140625 0.646875 0.105078125 0.05
71 0.81640625 0.6515625 0.105078125 0.053125
71 0.79140625 0.80859375 0.1390625 0.0734375
71 0.64453125 0.8 0.133203125 0.07421875
71 0.5140625 0.7984375 0.128125 0.056640625
71 0.5390625 0.6484375 0.083984375 0.05
71 0.625 0.6734375 0.083984375 0.043359375
71 0.7109375 0.703125 0.116015625 0.043359375
71 0.83046875 0.7015625 0.133203125 0.053125
71 0.84453125 0.753125 0.121875 0.062890625
71 0.696875 0.75 0.094140625 0.05
71 0.603125 0.7296875 0.083984375 0.059765625
71 0.51640625 0.69140625 0.128125 0.05
71 0.503125 0.73671875 0.116015625 0.053125