71 0.74453125 0.38515625 0.0890625 0.06328125
71 0.753125 0.31015625 0.0890625 0.06015625
71 0.975 0.325 0.05 0.08359375
71 0.96953125 0.41328125 0.0609375 0.0796875
71 0.975 0.49140625 0.05 0.0765625
71 0.746875 0.4765625 0.08359375 0.05
71 0.7890625 0.425 0.071875 0.05
71 0.8390625 0.3734375 0.078125 0.06640625
71 0.8359375 0.3015625 0.0890625 0.0796875
71 0.921875 0.29296875 0.1109375 0.0734375
71 0.91640625 0.38203125 0.078125 0.05703125
71 0.88359375 0.43828125 0.1 0.05
71 0.81953125 0.48984375 0.08359375 0.0734375
71 0.89453125 0.4984375 0.0890625 0.0703125